JOB-0 0.0 192.0 3 4 5.3477376E7 2.2020096E7 192.0 284 768.0 2.0
JOB-1 0.0 112.0 1 5 1.4680064E7 5242880.0 112.0 186 560.0 3.0
JOB-2 0.0 672.0 5 4 1.31072E8 4.718592E7 672.0 381 2688.0 1.0
JOB-3 0.0 128.0 4 4 4.194304E7 1.6777216E7 128.0 227 512.0 2.0
JOB-4 0.0 344.0 3 4 7.5497472E7 2.8311552E7 344.0 220 1376.0 3.0
JOB-5 0.0 632.0 5 5 1.3631488E8 4.718592E7 632.0 436 2984.0 1.0
JOB-6 0.0 928.0 5 5 1.6252928E8 5.24288E7 928.0 667 4640.0 2.0
JOB-7 0.0 120.0 3 1 1.572864E7 1.572864E7 120.0 194 120.0 3.0
JOB-8 0.0 552.0 3 4 5.0331648E7 2.2020096E7 552.0 305 2208.0 1.0
JOB-9 0.0 376.0 5 3 7.86432E7 4.194304E7 376.0 314 1128.0 2.0
JOB-10 0.0 5056.0 1 1 4.99122176E8 4.99122176E8 5056.0 5361 5056.0 3.0
JOB-11 0.0 50520.0 3 5 1.1252269056E10 3.048210432E9 50520.0 51687 252600.0 1.0
JOB-12 0.0 20656.0 3 1 2.095054848E9 2.095054848E9 20656.0 30201 20656.0 2.0
JOB-13 0.0 43624.0 2 3 3.49175808E9 1.755316224E9 43624.0 23208 130872.0 3.0
JOB-14 0.0 33832.0 2 4 3.825205248E9 1.811939328E9 33832.0 14369 135328.0 1.0
JOB-15 0.0 74016.0 5 5 1.532493824E10 4.52984832E9 74016.0 63239 370080.0 2.0
JOB-16 0.0 38584.0 2 5 5.140119552E9 1.862270976E9 38584.0 33959 192920.0 3.0
JOB-17 0.0 8392.0 4 1 9.56301312E8 9.56301312E8 8392.0 11764 8392.0 1.0
JOB-18 0.0 29208.0 2 3 1.533018112E9 1.048576E9 29208.0 14841 87624.0 2.0
JOB-19 0.0 31632.0 2 3 3.63855872E9 2.074083328E9 31632.0 20469 94896.0 3.0
JOB-20 0.0 23720.0 2 1 1.776287744E9 1.776287744E9 23720.0 18890 23720.0 1.0
JOB-21 0.0 87680.0 4 3 7.683964928E9 4.039114752E9 87680.0 51680 263040.0 2.0
JOB-22 0.0 57520.0 4 5 1.0020192256E10 4.04750336E9 57520.0 56226 287600.0 3.0
JOB-23 0.0 25552.0 3 4 6.81050112E9 2.220883968E9 25552.0 31856 102208.0 1.0
JOB-24 0.0 3464.0 21 15 1.475346432E9 1.98180864E8 3464.0 2831 51960.0 2.0
JOB-25 0.0 1648.0 8 19 8.30472192E8 8.388608E7 1648.0 999 31312.0 3.0
JOB-26 0.0 58560.0 21 29 3.501195264E9 2.2020096E8 58560.0 1971 1661792.0 1.0
JOB-27 0.0 2200.0 15 9 8.650752E8 1.2582912E8 2200.0 1145 19800.0 2.0
JOB-28 0.0 573792.0 25 9 7.52091136E10 2.29638144E10 573792.0 254337 4120672.0 3.0
JOB-29 0.0 509824.0 11 5 2.7959230464E10 9.469689856E9 509824.0 88567 2130768.0 1.0
JOB-30 0.0 212368.0 12 17 9.7630814208E10 1.157627904E10 212368.0 112706 3610256.0 2.0
JOB-31 0.0 385448.0 16 9 6.5817018368E10 1.308622848E10 385448.0 174243 3338808.0 3.0
JOB-32 0.0 1201592.0 19 12 1.31830120448E11 1.7671651328E10 1201592.0 168560 1.1427136E7 1.0
JOB-33 0.0 822296.0 25 13 1.76685056E11 2.58998272E10 822296.0 361986 1.0198664E7 2.0
JOB-34 0.0 240304.0 5 11 2.492465152E10 5.1642368E9 240304.0 66815 2468616.0 3.0
JOB-35 0.0 1150000.0 16 22 1.64299276288E11 1.5552479232E10 1150000.0 227789 1.8441104E7 1.0
JOB-36 0.0 146320.0 5 10 2.782396416E10 4.75004928E9 146320.0 63703 1463200.0 2.0
JOB-37 0.0 109056.0 6 11 3.3917239296E10 5.958008832E9 109056.0 84046 1199616.0 3.0
JOB-38 0.0 914640.0 14 26 1.98048743424E11 1.4195621888E10 914640.0 158913 2.0661304E7 1.0
JOB-39 0.0 1085216.0 14 28 2.51278655488E11 1.4503903232E10 1085216.0 198674 2.720864E7 2.0
JOB-40 0.0 731472.0 28 21 3.0373052416E11 2.9242687488E10 731472.0 231960 1.4511112E7 3.0
JOB-41 0.0 238648.0 10 6 2.383413248E10 7.59169024E9 238648.0 76619 1252072.0 1.0
JOB-42 0.0 1047400.0 27 27 3.99504310272E11 2.703753216E10 1047400.0 292633 2.468224E7 2.0
JOB-43 0.0 867512.0 15 26 1.6804478976E11 1.472200704E10 867512.0 141377 1.6694272E7 3.0
JOB-44 0.0 502672.0 12 15 9.4409588736E10 1.19537664E10 502672.0 142094 6974120.0 1.0
JOB-45 0.0 962752.0 15 24 1.7763926016E11 1.492647936E10 962752.0 205094 1.8821536E7 2.0
JOB-46 0.0 313992.0 12 25 1.4325645312E11 1.1626610688E10 313992.0 120716 7348456.0 3.0
JOB-47 0.0 493360.0 25 13 2.362703872E11 2.62144E10 493360.0 251863 6413680.0 1.0
1.3108584E7
2.4404216E7