JOB-1 0.0 8.0 1 1 1048576.0 1048576.0 8.0 8 8.0 155.663412729
JOB-2 10240.0 10624.0 2 1 5.0331648E7 5.0331648E7 384.0 375 384.0 1.0
JOB-3 10240.0 10272.0 2 1 4194304.0 4194304.0 32.0 31 32.0 245.625643104
JOB-4 10240.0 61064.0 27 116 8.762425344E10 2.038431744E9 50824.0 24180 2663568.0 1.0
JOB-5 20480.0 21704.0 1 51 6.7108864E7 3145728.0 1224.0 500 26112.0 313.45987495
JOB-6 30720.0 31608.0 1 37 5.1380224E7 3145728.0 888.0 383 14504.0 1.0
JOB-7 61440.0 62608.0 73 1 1.53092096E8 1.53092096E8 1168.0 1141 1168.0 1.0
JOB-8 61440.0 61448.0 1 1 1048576.0 1048576.0 8.0 8 8.0 1.0
JOB-9 61440.0 64432.0 52 56 4.307550208E9 3.81681664E8 2992.0 2844 36320.0 1.0
JOB-10 71680.0 71688.0 1 1 1048576.0 1048576.0 8.0 8 8.0 1.0
JOB-11 71680.0 71696.0 1 1 1048576.0 1048576.0 16.0 8 16.0 1.0
JOB-12 71680.0 242680.0 147 138 1.076980875264E12 2.157969408E10 171000.0 160781 8413304.0 1.0
JOB-13 71680.0 71800.0 14 1 1.4680064E7 1.4680064E7 120.0 109 120.0 186.782569445
JOB-14 81920.0 83016.0 137 1 1.43654912E8 1.43654912E8 1096.0 1070 1096.0 1.0
JOB-15 81920.0 81936.0 1 1 1048576.0 1048576.0 16.0 8 16.0 218.300515281
JOB-16 92160.0 93120.0 119 43 5.365563392E9 1.24780544E8 960.0 930 41280.0 549.847710239
JOB-17 92160.0 92176.0 1 1 1048576.0 1048576.0 16.0 8 16.0 53.3131025139
JOB-18 92160.0 92184.0 1 1 1048576.0 1048576.0 24.0 8 24.0 237.84674474
JOB-19 92160.0 93648.0 3 1 1.95035136E8 1.95035136E8 1488.0 1453 1488.0 270.029879911
JOB-20 102400.0 102456.0 7 1 7340032.0 7340032.0 56.0 55 56.0 1.0
JOB-21 112640.0 112648.0 1 1 1048576.0 1048576.0 8.0 8 8.0 1.0
JOB-22 112640.0 112648.0 1 1 1048576.0 1048576.0 8.0 8 8.0 383.23315481
JOB-23 112640.0 112648.0 1 1 1048576.0 1048576.0 8.0 8 8.0 310.638258493
JOB-24 122880.0 122904.0 3 1 3145728.0 3145728.0 24.0 23 24.0 639.35613511
JOB-25 143360.0 143696.0 2 1 4.4040192E7 4.4040192E7 336.0 328 336.0 457.215966611
JOB-26 143360.0 145680.0 145 66 1.109917696E10 3.0408704E8 2320.0 2266 84680.0 261.086106897
JOB-27 143360.0 143376.0 1 1 1048576.0 1048576.0 16.0 8 16.0 23.1296266165
JOB-28 153600.0 153608.0 1 1 1048576.0 1048576.0 8.0 8 8.0 1.0
JOB-29 153600.0 153656.0 7 1 7340032.0 7340032.0 56.0 55 56.0 158.67723658
JOB-30 153600.0 153656.0 7 1 7340032.0 7340032.0 56.0 55 56.0 196.967969673
JOB-31 153600.0 153656.0 7 1 7340032.0 7340032.0 56.0 55 56.0 203.761836369
JOB-32 153600.0 153656.0 7 1 7340032.0 7340032.0 56.0 55 56.0 1.0
JOB-33 153600.0 153712.0 7 1 7340032.0 7340032.0 112.0 55 112.0 1.0
JOB-34 153600.0 153656.0 7 1 7340032.0 7340032.0 56.0 55 56.0 1.0
JOB-35 153600.0 153656.0 7 1 7340032.0 7340032.0 56.0 55 56.0 413.346753355
JOB-36 153600.0 153656.0 7 1 7340032.0 7340032.0 56.0 55 56.0 63.0765694854
JOB-37 153600.0 156568.0 1 23 1.92937984E8 1.6777216E7 2968.0 1438 34472.0 82.5898442649
JOB-38 163840.0 163848.0 1 1 1048576.0 1048576.0 8.0 8 8.0 1.0
JOB-39 194560.0 195656.0 15 5 3.93216E8 7.86432E7 1096.0 586 4160.0 1.0
JOB-40 194560.0 195136.0 14 5 3.670016E8 7.340032E7 576.0 547 2880.0 1.0
JOB-41 194560.0 194616.0 7 1 7340032.0 7340032.0 56.0 55 56.0 91.9746299114
JOB-42 194560.0 195624.0 15 5 3.145728E8 6.291456E7 1064.0 469 3304.0 460.109607962
JOB-43 194560.0 194624.0 7 1 7340032.0 7340032.0 64.0 55 64.0 1.0
JOB-44 194560.0 194624.0 7 1 7340032.0 7340032.0 64.0 55 64.0 1.0
JOB-45 194560.0 195616.0 15 5 3.145728E8 6.291456E7 1056.0 469 4640.0 263.987630297
JOB-46 194560.0 194632.0 7 1 7340032.0 7340032.0 72.0 55 72.0 1.0
JOB-47 194560.0 195616.0 15 5 3.145728E8 6.291456E7 1056.0 469 4768.0 191.870552677
JOB-48 194560.0 194672.0 7 1 7340032.0 7340032.0 112.0 55 112.0 9.49673928815
JOB-49 194560.0 194632.0 7 1 7340032.0 7340032.0 72.0 55 72.0 343.117481568
JOB-50 204800.0 205880.0 15 4 3.7748736E8 1.4155776E8 1080.0 1055 2880.0 441.142790859
JOB-51 204800.0 204856.0 7 1 7340032.0 7340032.0 56.0 55 56.0 189.747528654
JOB-52 225280.0 225336.0 7 1 7340032.0 7340032.0 56.0 55 56.0 1.0
JOB-53 235520.0 235568.0 1 1 6291456.0 6291456.0 48.0 47 48.0 125.975587617
JOB-54 235520.0 235560.0 5 2 1.048576E7 5242880.0 40.0 39 80.0 1.0
JOB-55 245760.0 245864.0 13 1 1.3631488E7 1.3631488E7 104.0 102 104.0 821.628918032
JOB-56 245760.0 268224.0 2 112 4.353687552E9 9.437184E7 22464.0 16219 1625024.0 1.0
JOB-57 256000.0 256032.0 4 1 4194304.0 4194304.0 32.0 31 32.0 18.3108259323
JOB-58 266240.0 267584.0 1 42 5.8720256E7 4194304.0 1344.0 438 18816.0 1.0
JOB-59 286720.0 287456.0 2 1 9.6468992E7 9.6468992E7 736.0 719 736.0 69.5280545833
JOB-60 296960.0 296976.0 2 1 2097152.0 2097152.0 16.0 16 16.0 421.882141098
JOB-61 337920.0 338032.0 14 1 1.4680064E7 1.4680064E7 112.0 109 112.0 1.0
JOB-62 337920.0 337944.0 3 1 3145728.0 3145728.0 24.0 23 24.0 1.0
JOB-63 337920.0 338136.0 27 1 2.8311552E7 2.8311552E7 216.0 211 216.0 179.118516408
JOB-64 337920.0 338024.0 13 1 1.3631488E7 1.3631488E7 104.0 102 104.0 551.041408289
JOB-65 337920.0 338128.0 26 1 2.7262976E7 2.7262976E7 208.0 203 208.0 422.024144725
JOB-66 337920.0 338136.0 27 1 2.8311552E7 2.8311552E7 216.0 211 216.0 1.0
JOB-67 337920.0 338032.0 14 1 1.4680064E7 1.4680064E7 112.0 109 112.0 359.511929044
JOB-68 348160.0 351072.0 28 9 3.141533696E9 3.81681664E8 2912.0 2844 24352.0 1.0
JOB-69 348160.0 348656.0 2 1 6.5011712E7 6.5011712E7 496.0 484 496.0 1.0
JOB-70 348160.0 348216.0 7 1 7340032.0 7340032.0 56.0 55 56.0 1.0
JOB-71 348160.0 353280.0 27 8 3.057647616E9 6.51165696E8 5120.0 4852 25856.0 1.0
JOB-72 348160.0 348272.0 14 1 1.4680064E7 1.4680064E7 112.0 109 112.0 254.307113778
JOB-73 358400.0 358616.0 27 1 2.8311552E7 2.8311552E7 216.0 211 216.0 1.0
JOB-74 358400.0 359936.0 1 48 6.1865984E7 4194304.0 1536.0 461 22872.0 438.773483509
JOB-75 358400.0 369432.0 48 143 3.8604374016E10 5.53648128E8 11032.0 5992 867440.0 104.657555515
JOB-76 368640.0 368648.0 1 1 1048576.0 1048576.0 8.0 8 8.0 237.062544151
JOB-77 378880.0 378888.0 1 1 1048576.0 1048576.0 8.0 8 8.0 90.8156321738
JOB-78 378880.0 378896.0 1 1 1048576.0 1048576.0 16.0 8 16.0 221.056137205
JOB-79 378880.0 379096.0 27 1 2.8311552E7 2.8311552E7 216.0 211 216.0 589.788983408
JOB-80 378880.0 379552.0 28 9 3.22961408E8 8.8080384E7 672.0 656 2464.0 1.0
JOB-81 389120.0 410728.0 89 40 6.29932032E10 2.79969792E9 21608.0 20859 497184.0 1.0
JOB-82 389120.0 389336.0 27 1 2.8311552E7 2.8311552E7 216.0 211 216.0 63.0837018753
JOB-83 389120.0 391904.0 29 9 3.0408704E9 3.64904448E8 2784.0 2719 23416.0 1.0
JOB-84 399360.0 400576.0 2 1 1.59383552E8 1.59383552E8 1216.0 1188 1216.0 1.0
JOB-85 399360.0 399456.0 12 1 1.2582912E7 1.2582912E7 96.0 94 96.0 1.0
JOB-86 399360.0 399544.0 23 1 2.4117248E7 2.4117248E7 184.0 180 184.0 367.843880166
JOB-87 399360.0 399472.0 14 1 1.4680064E7 1.4680064E7 112.0 109 112.0 20.9012448399
JOB-88 399360.0 401232.0 147 14 2.157969408E9 1.54140672E8 1872.0 1148 18552.0 1.0
JOB-89 399360.0 401184.0 29 9 4.5613056E8 9.1226112E7 1824.0 680 6976.0 1.0
JOB-90 399360.0 399464.0 13 1 1.3631488E7 1.3631488E7 104.0 102 104.0 1.0
JOB-91 399360.0 402144.0 29 9 3.284140032E9 3.64904448E8 2784.0 2719 25056.0 172.193038251
JOB-92 409600.0 409824.0 28 1 2.9360128E7 2.9360128E7 224.0 219 224.0 1.0
JOB-93 409600.0 409640.0 5 1 5242880.0 5242880.0 40.0 39 40.0 1.0
JOB-94 430080.0 430416.0 2 1 4.4040192E7 4.4040192E7 336.0 328 336.0 1.0
JOB-95 440320.0 440376.0 7 1 7340032.0 7340032.0 56.0 55 56.0 1.0
JOB-96 460800.0 460808.0 1 1 1048576.0 1048576.0 8.0 8 8.0 1.0
JOB-97 460800.0 460808.0 1 1 1048576.0 1048576.0 8.0 8 8.0 1.0
JOB-98 460800.0 460808.0 1 1 1048576.0 1048576.0 8.0 8 8.0 106.840805232
JOB-99 460800.0 460808.0 1 1 1048576.0 1048576.0 8.0 8 8.0 1.0
JOB-100 460800.0 460808.0 1 1 1048576.0 1048576.0 8.0 8 8.0 1.0
JOB-101 471040.0 471048.0 1 1 1048576.0 1048576.0 8.0 8 8.0 1.0
JOB-102 491520.0 492544.0 3 64 2.0447232E8 6291456.0 1024.0 508 33280.0 491.497244246
JOB-103 501760.0 501864.0 13 1 1.3631488E7 1.3631488E7 104.0 102 104.0 70.9225027304
JOB-104 501760.0 501776.0 1 1 1048576.0 1048576.0 16.0 8 16.0 2.49166144264
JOB-105 501760.0 501776.0 1 1 1048576.0 1048576.0 16.0 8 16.0 498.067379026
JOB-106 512000.0 512008.0 1 1 1048576.0 1048576.0 8.0 8 8.0 97.7553873997
JOB-107 512000.0 515384.0 1 1 4.43547648E8 4.43547648E8 3384.0 3305 3384.0 279.266104763
JOB-108 512000.0 512600.0 4 15 1.42606336E8 2.097152E7 600.0 266 4080.0 231.372048956
JOB-109 522240.0 522248.0 1 1 1048576.0 1048576.0 8.0 8 8.0 205.793641288
JOB-110 532480.0 532512.0 4 1 4194304.0 4194304.0 32.0 31 32.0 335.883753137
JOB-111 532480.0 533920.0 3 1 1.8874368E8 1.8874368E8 1440.0 1406 1440.0 1.0
JOB-112 552960.0 557624.0 1 1 6.11319808E8 6.11319808E8 4664.0 4555 4664.0 198.557734135
JOB-113 563200.0 563208.0 1 1 1048576.0 1048576.0 8.0 8 8.0 1.0
JOB-114 614400.0 620080.0 10 3 2.097152E9 7.4448896E8 5680.0 5547 16000.0 222.116621311
JOB-115 614400.0 614440.0 5 2 1.048576E7 5242880.0 40.0 39 80.0 390.946687485
JOB-116 614400.0 614616.0 27 1 2.8311552E7 2.8311552E7 216.0 211 216.0 469.635225722
JOB-117 614400.0 614504.0 13 1 1.3631488E7 1.3631488E7 104.0 102 104.0 1.0
JOB-118 614400.0 614632.0 29 1 3.0408704E7 3.0408704E7 232.0 227 232.0 1.0
JOB-119 614400.0 614504.0 13 1 1.3631488E7 1.3631488E7 104.0 102 104.0 104.122861847
JOB-120 624640.0 624864.0 28 1 2.9360128E7 2.9360128E7 224.0 219 224.0 347.868571962
JOB-121 624640.0 624848.0 26 1 2.7262976E7 2.7262976E7 208.0 203 208.0 1.0
JOB-122 624640.0 624744.0 13 1 1.3631488E7 1.3631488E7 104.0 102 104.0 591.533078979
JOB-123 624640.0 626848.0 138 84 1.374683136E10 2.89406976E8 2208.0 2156 105192.0 218.240519386
JOB-124 634880.0 634928.0 3 1 6291456.0 6291456.0 48.0 47 48.0 155.578217851
JOB-125 634880.0 634928.0 3 1 6291456.0 6291456.0 48.0 47 48.0 234.942758149
JOB-126 634880.0 634904.0 3 1 3145728.0 3145728.0 24.0 23 24.0 1.0
JOB-127 634880.0 634936.0 3 1 6291456.0 6291456.0 56.0 47 56.0 255.65631163
JOB-128 634880.0 634952.0 3 1 3145728.0 3145728.0 72.0 23 72.0 1.0
JOB-129 645120.0 645168.0 3 1 6291456.0 6291456.0 48.0 47 48.0 49.1208420706
JOB-130 645120.0 645144.0 3 1 3145728.0 3145728.0 24.0 23 24.0 827.541853527
JOB-131 645120.0 645168.0 3 1 6291456.0 6291456.0 48.0 47 48.0 437.654179833
JOB-132 645120.0 645176.0 3 1 6291456.0 6291456.0 56.0 47 56.0 1.0
JOB-133 645120.0 645168.0 3 1 3145728.0 3145728.0 48.0 23 48.0 216.063610224
JOB-134 645120.0 650232.0 1 1 6.68991488E8 6.68991488E8 5112.0 4984 5112.0 1.0
JOB-135 645120.0 646480.0 1 48 6.5011712E7 4194304.0 1360.0 484 25624.0 1.0
JOB-136 645120.0 646464.0 1 56 7.6546048E7 3145728.0 1344.0 570 32776.0 1.0
JOB-137 655360.0 655696.0 2 1 4.4040192E7 4.4040192E7 336.0 328 336.0 342.043093887
JOB-138 655360.0 656880.0 26 16 3.053453312E9 1.90840832E8 1520.0 1422 24320.0 1.0
JOB-139 665600.0 665840.0 30 1 3.145728E7 3.145728E7 240.0 234 240.0 266.825053408
JOB-140 665600.0 736824.0 16 119 8.8113938432E10 2.030043136E9 71224.0 41031 4737464.0 1.0
JOB-141 665600.0 676192.0 99 44 4.567597056E9 1.03809024E8 10592.0 773 466048.0 180.992744804
JOB-142 665600.0 665848.0 1 1 1048576.0 1048576.0 248.0 8 248.0 1.0
JOB-143 665600.0 665856.0 13 1 1.3631488E7 1.3631488E7 256.0 102 256.0 39.4168718023
JOB-144 675840.0 675888.0 3 1 6291456.0 6291456.0 48.0 47 48.0 12.1961506821
JOB-145 675840.0 677160.0 1 55 7.2351744E7 3145728.0 1320.0 539 30360.0 100.376478067
JOB-146 686080.0 686088.0 1 1 1048576.0 1048576.0 8.0 8 8.0 94.645438338
JOB-147 686080.0 686096.0 1 1 1048576.0 1048576.0 16.0 8 16.0 620.605584893
JOB-148 686080.0 691360.0 1 44 3.0408704E8 1.572864E7 5280.0 2266 102088.0 548.55489734
JOB-149 686080.0 686088.0 1 1 1048576.0 1048576.0 8.0 8 8.0 1.0
JOB-150 686080.0 686096.0 1 1 1048576.0 1048576.0 16.0 8 16.0 570.866732165
JOB-151 686080.0 686296.0 27 1 2.8311552E7 2.8311552E7 216.0 211 216.0 1.0
JOB-152 686080.0 686184.0 13 1 1.3631488E7 1.3631488E7 104.0 102 104.0 1.0
JOB-153 686080.0 692432.0 65 67 4.63470592E9 1.3631488E8 6352.0 1016 390208.0 1.0
JOB-154 696320.0 697344.0 64 61 4.160749568E9 1.34217728E8 1024.0 1000 31744.0 297.333765524
JOB-155 696320.0 700968.0 60 63 4.0894464E9 1.8874368E8 4648.0 1406 232488.0 1.0
JOB-156 696320.0 701896.0 56 58 3.464495104E9 1.17440512E8 5576.0 875 296960.0 92.0528288028
JOB-157 696320.0 699120.0 49 74 3.904897024E9 1.54140672E8 2800.0 1148 120768.0 235.83050162
JOB-158 696320.0 702888.0 65 62 4.29391872E9 1.3631488E8 6568.0 1016 376960.0 1.0
JOB-159 696320.0 704616.0 47 72 3.646947328E9 1.47849216E8 8296.0 1102 515520.0 1.0
JOB-160 696320.0 699536.0 23 52 1.254096896E9 2.4117248E7 3216.0 406 167232.0 87.6918496316
JOB-161 706560.0 707392.0 2 1 1.09051904E8 1.09051904E8 832.0 813 832.0 1.0
JOB-162 706560.0 706776.0 27 1 2.8311552E7 2.8311552E7 216.0 211 216.0 1.0
JOB-163 706560.0 2617408.0 145 118 5.2424605696E12 1.2269912064E11 1910848.0 914180 1.05114616E8 1.0
JOB-164 706560.0 706888.0 14 1 1.4680064E7 1.4680064E7 328.0 109 328.0 805.745773981
JOB-165 706560.0 707008.0 29 1 3.0408704E7 3.0408704E7 448.0 227 448.0 67.4778129261
JOB-166 716800.0 716808.0 1 1 1048576.0 1048576.0 8.0 8 8.0 414.484308879
JOB-167 727040.0 736720.0 31 13 1.0369368064E10 1.267728384E9 9680.0 9445 79216.0 152.881086161
JOB-168 727040.0 727048.0 1 1 1048576.0 1048576.0 8.0 8 8.0 242.06833718
JOB-169 727040.0 727056.0 1 1 1048576.0 1048576.0 16.0 8 16.0 1.0
JOB-170 737280.0 737336.0 7 1 7340032.0 7340032.0 56.0 55 56.0 665.882486412
JOB-171 737280.0 737288.0 1 1 1048576.0 1048576.0 8.0 8 8.0 1.0
JOB-172 737280.0 737392.0 14 1 1.4680064E7 1.4680064E7 112.0 109 112.0 1.0
JOB-173 737280.0 737296.0 1 1 1048576.0 1048576.0 16.0 8 16.0 23.9081858195
JOB-174 737280.0 737288.0 1 1 1048576.0 1048576.0 8.0 8 8.0 299.603211237
JOB-175 737280.0 737328.0 5 1 5242880.0 5242880.0 48.0 39 48.0 1.0
JOB-176 757760.0 757768.0 1 1 1048576.0 1048576.0 8.0 8 8.0 411.29270496
JOB-177 757760.0 757784.0 3 1 3145728.0 3145728.0 24.0 23 24.0 110.117629213
JOB-178 788480.0 788592.0 14 1 1.4680064E7 1.4680064E7 112.0 109 112.0 1.0
JOB-179 788480.0 788600.0 15 1 1.572864E7 1.572864E7 120.0 117 120.0 1.0
JOB-180 788480.0 820352.0 5 120 1.324875776E10 2.4117248E8 31872.0 19742 2113120.0 316.42399612
JOB-181 798720.0 798728.0 1 1 1048576.0 1048576.0 8.0 8 8.0 1.0
JOB-182 819200.0 820168.0 121 47 5.963251712E9 1.26877696E8 968.0 945 45496.0 1.0
JOB-183 829440.0 871296.0 4 119 1.1815354368E10 2.9360128E8 41856.0 22008 2788920.0 295.944877396
JOB-184 829440.0 829456.0 1 1 1048576.0 1048576.0 16.0 8 16.0 254.516753798
JOB-185 829440.0 829856.0 2 1 5.24288E7 5.24288E7 416.0 391 416.0 184.441519695
JOB-186 849920.0 849936.0 1 1 2097152.0 2097152.0 16.0 16 16.0 107.408661707
JOB-187 849920.0 2719032.0 147 139 1.697397080064E12 3.2986103808E10 1869112.0 245766 7.9351216E7 269.675747987
JOB-188 860160.0 860216.0 7 1 7340032.0 7340032.0 56.0 55 56.0 675.835044728
JOB-189 870400.0 871312.0 1 42 6.1865984E7 3145728.0 912.0 461 19440.0 1.0
JOB-190 880640.0 880696.0 7 1 7340032.0 7340032.0 56.0 55 56.0 191.906568485
JOB-191 880640.0 880696.0 7 1 7340032.0 7340032.0 56.0 55 56.0 2.22276535398
JOB-192 880640.0 880696.0 7 1 7340032.0 7340032.0 56.0 55 56.0 1.0
JOB-193 880640.0 880696.0 7 1 7340032.0 7340032.0 56.0 55 56.0 1.0
JOB-194 880640.0 880696.0 7 1 7340032.0 7340032.0 56.0 55 56.0 473.521707556
JOB-195 880640.0 880696.0 7 1 7340032.0 7340032.0 56.0 55 56.0 1.0
JOB-196 880640.0 880696.0 7 1 7340032.0 7340032.0 56.0 55 56.0 176.498892561
JOB-197 901120.0 901456.0 2 1 4.4040192E7 4.4040192E7 336.0 328 336.0 120.982366078
JOB-198 911360.0 2736552.0 147 141 1.757666082816E12 2.7282898944E10 1825192.0 203273 8.1284656E7 1.0
JOB-199 921600.0 921608.0 1 1 1048576.0 1048576.0 8.0 8 8.0 1.0
JOB-200 921600.0 921632.0 4 1 4194304.0 4194304.0 32.0 31 32.0 1.0
JOB-201 921600.0 927840.0 30 15 6.57457152E9 8.1788928E8 6240.0 6094 50168.0 1.0
JOB-202 921600.0 921656.0 7 1 7340032.0 7340032.0 56.0 55 56.0 37.7684506441
JOB-203 931840.0 931896.0 7 1 7340032.0 7340032.0 56.0 55 56.0 1.0
JOB-204 931840.0 931904.0 1 1 1048576.0 1048576.0 64.0 8 64.0 1.0
JOB-205 931840.0 931896.0 7 1 7340032.0 7340032.0 56.0 55 56.0 1.0
JOB-206 931840.0 931896.0 7 1 7340032.0 7340032.0 56.0 55 56.0 4.19726769841
JOB-207 942080.0 2836488.0 147 141 1.523372261376E12 2.9595009024E10 1894408.0 220500 7.6799496E7 342.189244895
JOB-208 942080.0 952424.0 13 1 1.3631488E7 1.3631488E7 10344.0 102 10344.0 480.157440982
JOB-209 942080.0 2892048.0 147 144 1.604912676864E12 3.1136415744E10 1949968.0 231984 9.9323624E7 160.054292432
JOB-210 942080.0 952376.0 7 1 7340032.0 7340032.0 10296.0 55 10296.0 218.998941148
JOB-211 952320.0 953400.0 1 45 6.1865984E7 3145728.0 1080.0 461 21240.0 1.0
JOB-212 972800.0 972808.0 1 1 1048576.0 1048576.0 8.0 8 8.0 535.977938993
JOB-213 972800.0 972808.0 1 1 1048576.0 1048576.0 8.0 8 8.0 1.0
JOB-214 972800.0 972808.0 1 1 1048576.0 1048576.0 8.0 8 8.0 1.0
JOB-215 972800.0 2918616.0 147 143 2.106948845568E12 3.699376128E10 1945816.0 275625 1.23117976E8 295.602144602
JOB-216 972800.0 972816.0 1 1 1048576.0 1048576.0 16.0 8 16.0 223.239406322
JOB-217 972800.0 972864.0 7 1 7340032.0 7340032.0 64.0 55 64.0 295.242624189
JOB-218 983040.0 983048.0 1 1 1048576.0 1048576.0 8.0 8 8.0 1.0
JOB-219 983040.0 2693128.0 147 139 1.365840494592E12 2.1271412736E10 1710088.0 158484 7.7956912E7 364.115382252
JOB-220 993280.0 993336.0 7 1 7340032.0 7340032.0 56.0 55 56.0 454.881141911
JOB-221 993280.0 993288.0 1 1 1048576.0 1048576.0 8.0 8 8.0 456.184364157
JOB-222 1003520.0 1003560.0 5 2 1.048576E7 5242880.0 40.0 39 80.0 64.1515937972
JOB-223 1013760.0 1013768.0 1 1 1048576.0 1048576.0 8.0 8 8.0 77.2019356807
JOB-224 1024000.0 1025376.0 1 43 7.1303168E7 4194304.0 1376.0 531 23392.0 52.5820096648
JOB-225 1024000.0 2929672.0 146 142 1.63349266432E12 3.4904997888E10 1905672.0 260063 7.869988E7 54.8067024261
JOB-226 1034240.0 1036480.0 1 40 7.2351744E7 7340032.0 2240.0 539 22080.0 77.3872893354
JOB-227 1044480.0 1044488.0 1 1 1048576.0 1048576.0 8.0 8 8.0 854.914783795
JOB-228 1044480.0 1045440.0 12 15 8.1788928E8 1.00663296E8 960.0 750 7800.0 1.0
JOB-229 1054720.0 1054728.0 1 1 1048576.0 1048576.0 8.0 8 8.0 1.0
JOB-230 1054720.0 1054800.0 10 3 3.145728E7 1.048576E7 80.0 78 240.0 1.0
JOB-231 1054720.0 1054728.0 1 1 1048576.0 1048576.0 8.0 8 8.0 1.0
JOB-232 1064960.0 1064968.0 1 1 1048576.0 1048576.0 8.0 8 8.0 14.7629530213
JOB-233 1064960.0 1064984.0 3 1 3145728.0 3145728.0 24.0 23 24.0 117.931586982
JOB-234 1075200.0 1076376.0 147 133 2.0500709376E10 1.54140672E8 1176.0 1148 156408.0 3.3018262828
JOB-235 1085440.0 1085504.0 8 1 8388608.0 8388608.0 64.0 63 64.0 1.0
JOB-236 1085440.0 1086880.0 3 1 1.8874368E8 1.8874368E8 1440.0 1406 1440.0 580.050260421
JOB-237 1095680.0 1106160.0 58 20 1.21634816E9 6.0817408E7 10480.0 453 209600.0 1.0
JOB-238 1095680.0 1095832.0 1 1 1.8874368E7 1.8874368E7 152.0 141 152.0 190.549544804
JOB-239 1095680.0 1095736.0 6 2 1.2582912E7 6291456.0 56.0 47 104.0 359.443904704
JOB-240 1095680.0 1095688.0 1 1 1048576.0 1048576.0 8.0 8 8.0 1.0
JOB-241 1095680.0 1106000.0 1 48 1.56237824E8 3.7748736E7 10320.0 1164 53888.0 394.517112018
JOB-242 1105920.0 1105928.0 1 1 1048576.0 1048576.0 8.0 8 8.0 800.119648309
JOB-243 1105920.0 1106800.0 2 1 1.1534336E8 1.1534336E8 880.0 859 880.0 173.227419218
JOB-244 1105920.0 1106848.0 1 50 6.815744E7 5242880.0 928.0 508 24624.0 1.0
JOB-245 1116160.0 1178472.0 4 115 1.549795328E10 9.81467136E8 62312.0 28867 3242672.0 128.473171633
JOB-246 1116160.0 1116272.0 13 1 1.3631488E7 1.3631488E7 112.0 102 112.0 233.661151353
JOB-247 1136640.0 1834608.0 137 125 5.782110208E11 5.818023936E10 697968.0 433477 2.5459328E7 449.609833796
JOB-248 1136640.0 1146888.0 1 1 1048576.0 1048576.0 10248.0 8 10248.0 190.464502927
JOB-249 1146880.0 1146888.0 1 1 1048576.0 1048576.0 8.0 8 8.0 271.65416253
JOB-250 1146880.0 1146912.0 4 1 4194304.0 4194304.0 32.0 31 32.0 1.0
JOB-251 1157120.0 1158608.0 1 62 9.2274688E7 3145728.0 1488.0 688 43648.0 238.015849807
JOB-252 1177600.0 1181696.0 32 9 4.831838208E9 5.36870912E8 4096.0 4000 36864.0 1.0
JOB-253 1187840.0 1189568.0 1 54 8.0740352E7 4194304.0 1728.0 602 33264.0 214.050713919
JOB-254 1198080.0 1209952.0 7 7 1.02760448E10 1.556086784E9 11872.0 11594 78400.0 190.828246508
JOB-255 1249280.0 1249496.0 27 1 2.8311552E7 2.8311552E7 216.0 211 216.0 1.0
JOB-256 1249280.0 1249504.0 28 1 2.9360128E7 2.9360128E7 224.0 219 224.0 1.0
JOB-257 1249280.0 1249480.0 25 1 2.62144E7 2.62144E7 200.0 195 200.0 1.0
JOB-258 1249280.0 1249400.0 15 1 1.572864E7 1.572864E7 120.0 117 120.0 1.0
JOB-259 1249280.0 1249384.0 13 1 1.3631488E7 1.3631488E7 104.0 102 104.0 322.485339581
JOB-260 1249280.0 1249384.0 13 1 1.3631488E7 1.3631488E7 104.0 102 104.0 69.3106402867
JOB-261 1249280.0 1249504.0 28 1 2.9360128E7 2.9360128E7 224.0 219 224.0 1.0
JOB-262 1259520.0 1259640.0 15 1 1.572864E7 1.572864E7 120.0 117 120.0 1.0
JOB-263 1259520.0 1264280.0 1 27 3.92167424E8 2.3068672E7 4760.0 2922 81000.0 444.930157469
JOB-264 1269760.0 1269768.0 1 1 1048576.0 1048576.0 8.0 8 8.0 29.3562665611
JOB-265 1280000.0 1280008.0 1 1 1048576.0 1048576.0 8.0 8 8.0 226.851119459
JOB-266 1300480.0 1300488.0 1 1 1048576.0 1048576.0 8.0 8 8.0 431.842587683
JOB-267 1331200.0 1331216.0 2 1 2097152.0 2097152.0 16.0 16 16.0 1.0
JOB-268 1331200.0 1331208.0 1 1 1048576.0 1048576.0 8.0 8 8.0 1.0
JOB-269 1331200.0 1331416.0 27 1 2.8311552E7 2.8311552E7 216.0 211 216.0 476.483559622
JOB-270 1331200.0 1331568.0 2 1 4.8234496E7 4.8234496E7 368.0 359 368.0 1.0
JOB-271 1341440.0 1341552.0 14 1 1.4680064E7 1.4680064E7 112.0 109 112.0 1.0
JOB-272 1351680.0 1351880.0 25 1 2.62144E7 2.62144E7 200.0 195 200.0 39.9121665054
JOB-273 1351680.0 1351688.0 1 1 1048576.0 1048576.0 8.0 8 8.0 301.80224311
JOB-274 1351680.0 1351904.0 28 1 2.9360128E7 2.9360128E7 224.0 219 224.0 1.0
JOB-275 1361920.0 1362040.0 15 1 1.572864E7 1.572864E7 120.0 117 120.0 225.864186475
JOB-276 1372160.0 1372168.0 1 1 1048576.0 1048576.0 8.0 8 8.0 1.0
JOB-277 1382400.0 1382408.0 1 1 1048576.0 1048576.0 8.0 8 8.0 94.3990869756
JOB-278 1382400.0 1382408.0 1 1 1048576.0 1048576.0 8.0 8 8.0 1.0
JOB-279 1392640.0 1392648.0 1 1 1048576.0 1048576.0 8.0 8 8.0 9.13738452227
JOB-280 1413120.0 1413128.0 1 1 1048576.0 1048576.0 8.0 8 8.0 230.328057126
JOB-281 1413120.0 1413504.0 2 1 5.0331648E7 5.0331648E7 384.0 375 384.0 172.593600395
JOB-282 1413120.0 1413336.0 27 1 2.8311552E7 2.8311552E7 216.0 211 216.0 31.2410430464
JOB-283 1413120.0 1413128.0 1 1 1048576.0 1048576.0 8.0 8 8.0 359.380975287
JOB-284 1423360.0 1423368.0 1 1 1048576.0 1048576.0 8.0 8 8.0 1.0
JOB-285 1443840.0 1443848.0 1 1 1048576.0 1048576.0 8.0 8 8.0 29.5884047044
JOB-286 1464320.0 1464424.0 13 1 1.3631488E7 1.3631488E7 104.0 102 104.0 1.0
JOB-287 1464320.0 1470816.0 14 1 8.51443712E8 8.51443712E8 6496.0 6344 6496.0 158.361009284
JOB-288 1484800.0 1484808.0 1 1 1048576.0 1048576.0 8.0 8 8.0 1.0
JOB-289 1495040.0 1496896.0 8 3 6.79477248E8 2.43269632E8 1856.0 1813 5184.0 232.240596759
JOB-290 1515520.0 1515528.0 1 1 1048576.0 1048576.0 8.0 8 8.0 1.0
JOB-291 1525760.0 1525768.0 1 1 1048576.0 1048576.0 8.0 8 8.0 1.0
JOB-292 1525760.0 1526576.0 1 34 4.6137344E7 3145728.0 816.0 344 11968.0 1.0
JOB-293 1546240.0 1546352.0 14 1 1.4680064E7 1.4680064E7 112.0 109 112.0 60.431264518
JOB-294 1546240.0 1548720.0 1 31 1.7825792E8 1.048576E7 2480.0 1328 42160.0 179.03035701
JOB-295 1546240.0 1605368.0 5 113 1.490026496E10 7.5497472E8 59128.0 22203 3546472.0 374.050630285
JOB-296 1546240.0 1546264.0 2 1 2097152.0 2097152.0 24.0 16 24.0 216.460164239
JOB-297 1546240.0 1546288.0 5 2 1.048576E7 5242880.0 48.0 39 96.0 819.939508363
JOB-298 1546240.0 1546296.0 1 1 6291456.0 6291456.0 56.0 47 56.0 472.591278301
JOB-299 1556480.0 3347688.0 146 145 3.60991162368E12 7.4862034944E10 1791208.0 557766 8.1060936E7 118.748949326
JOB-300 1576960.0 1576968.0 1 1 1048576.0 1048576.0 8.0 8 8.0 101.916437284
JOB-301 1576960.0 1576976.0 1 1 1048576.0 1048576.0 16.0 8 16.0 182.658989285
JOB-302 1576960.0 1576984.0 1 1 1048576.0 1048576.0 24.0 8 24.0 1.0
JOB-303 1597440.0 1670016.0 147 30 8.3852525568E10 5.240782848E9 72576.0 39047 704832.0 1.0
JOB-304 1597440.0 1597456.0 1 1 1048576.0 1048576.0 16.0 8 16.0 815.726869679
JOB-305 1607680.0 1609648.0 2 1 2.57949696E8 2.57949696E8 1968.0 1922 1968.0 854.163479448
JOB-306 1617920.0 1617928.0 1 1 1048576.0 1048576.0 8.0 8 8.0 796.02565005
JOB-307 1617920.0 1676672.0 6 113 2.9500637184E10 6.85768704E8 58752.0 36633 3960320.0 1.0
JOB-308 1628160.0 1628168.0 1 1 1048576.0 1048576.0 8.0 8 8.0 1.0
JOB-309 1628160.0 1628168.0 1 1 1048576.0 1048576.0 8.0 8 8.0 188.934335611
JOB-310 1669120.0 1669240.0 15 1 1.572864E7 1.572864E7 120.0 117 120.0 1.0
JOB-311 1669120.0 1669216.0 12 1 1.2582912E7 1.2582912E7 96.0 94 96.0 1.0
JOB-312 1669120.0 1669360.0 30 1 3.145728E7 3.145728E7 240.0 234 240.0 110.730394539
JOB-313 1679360.0 1679576.0 27 1 2.8311552E7 2.8311552E7 216.0 211 216.0 325.954842043
JOB-314 1679360.0 1679584.0 28 1 2.9360128E7 2.9360128E7 224.0 219 224.0 504.882867953
JOB-315 1679360.0 1679472.0 14 1 1.4680064E7 1.4680064E7 112.0 109 112.0 54.0826234343
JOB-316 1679360.0 1679472.0 14 1 1.4680064E7 1.4680064E7 112.0 109 112.0 261.819802864
JOB-317 1679360.0 1679576.0 27 1 2.8311552E7 2.8311552E7 216.0 211 216.0 1.0
JOB-318 1679360.0 1679368.0 1 1 1048576.0 1048576.0 8.0 8 8.0 1.0
JOB-319 1679360.0 1679368.0 1 1 1048576.0 1048576.0 8.0 8 8.0 1.0
JOB-320 1679360.0 1679376.0 1 1 1048576.0 1048576.0 16.0 8 16.0 219.432805784
JOB-321 1689600.0 1689608.0 1 1 1048576.0 1048576.0 8.0 8 8.0 384.76658456
JOB-322 1689600.0 1689608.0 1 1 1048576.0 1048576.0 8.0 8 8.0 291.793080014
JOB-323 1689600.0 1690168.0 1 35 4.4040192E7 2097152.0 568.0 328 11768.0 573.134713206
JOB-324 1699840.0 1702576.0 1 19 1.8874368E8 1.8874368E7 2736.0 1406 27360.0 1.0
JOB-325 1699840.0 1700216.0 2 1 4.6137344E7 4.6137344E7 376.0 344 376.0 1.0
JOB-326 1699840.0 1702600.0 1 36 1.84549376E8 1.2582912E7 2760.0 1375 49992.0 1.0
JOB-327 1720320.0 1720520.0 25 1 2.62144E7 2.62144E7 200.0 195 200.0 1.0
JOB-328 1720320.0 1720560.0 30 1 3.145728E7 3.145728E7 240.0 234 240.0 451.173594385
JOB-329 1730560.0 1730664.0 13 1 1.3631488E7 1.3631488E7 104.0 102 104.0 1.0
JOB-330 1730560.0 1730776.0 27 1 2.8311552E7 2.8311552E7 216.0 211 216.0 1.0
JOB-331 1740800.0 1740864.0 8 1 8388608.0 8388608.0 64.0 63 64.0 399.027063574
JOB-332 1740800.0 1740912.0 14 1 1.4680064E7 1.4680064E7 112.0 109 112.0 1.0
JOB-333 1761280.0 1763240.0 1 35 1.47849216E8 7340032.0 1960.0 1102 39480.0 191.036072728
JOB-334 1761280.0 1764312.0 147 134 2.0654850048E10 1.54140672E8 3032.0 1148 406288.0 1.0
JOB-335 1771520.0 1771808.0 18 5 1.8874368E8 3.7748736E7 288.0 281 1440.0 227.937314886
JOB-336 1781760.0 1781864.0 13 1 1.3631488E7 1.3631488E7 104.0 102 104.0 1.0
JOB-337 1781760.0 1792008.0 28 1 2.9360128E7 2.9360128E7 10248.0 219 10248.0 1.0
JOB-338 1781760.0 1795608.0 6 7 1.0846470144E10 1.553989632E9 13848.0 13469 96656.0 104.495897706
JOB-339 1781760.0 1781824.0 1 1 7340032.0 7340032.0 64.0 55 64.0 278.203571672
JOB-340 1792000.0 1792544.0 1 34 4.2991616E7 2097152.0 544.0 320 11152.0 1.0
JOB-341 1802240.0 1802480.0 1 30 3.145728E7 1048576.0 240.0 234 7200.0 1.0
JOB-342 1802240.0 1802856.0 1 35 3.9845888E7 3145728.0 616.0 297 10416.0 459.13764205
JOB-343 1802240.0 1802848.0 1 38 4.4040192E7 2097152.0 608.0 328 12768.0 23.1692814169
JOB-344 1812480.0 1892432.0 3 120 1.247281152E10 7.776239616E9 79952.0 57938 1369152.0 1.0
JOB-345 1822720.0 1822728.0 1 1 1048576.0 1048576.0 8.0 8 8.0 1.0
JOB-346 1822720.0 1822872.0 19 5 9.961472E7 1.9922944E7 152.0 148 760.0 378.474296708
JOB-347 1832960.0 1833064.0 13 1 1.3631488E7 1.3631488E7 104.0 102 104.0 1.0
JOB-348 1832960.0 1833312.0 2 1 4.6137344E7 4.6137344E7 352.0 344 352.0 127.692660482
JOB-349 1832960.0 1834496.0 3 1 2.01326592E8 2.01326592E8 1536.0 1500 1536.0 1.0
JOB-350 1873920.0 1873928.0 1 1 1048576.0 1048576.0 8.0 8 8.0 112.693500471
JOB-351 1873920.0 1897528.0 3 121 6.656360448E9 1.79306496E8 23608.0 16531 1680984.0 373.972640056
JOB-352 1873920.0 1884272.0 64 13 8.72415232E8 6.7108864E7 10352.0 500 134480.0 303.401224582
JOB-353 1884160.0 1884168.0 1 1 1048576.0 1048576.0 8.0 8 8.0 1.0
JOB-354 1884160.0 1884176.0 1 1 1048576.0 1048576.0 16.0 8 16.0 295.989266387
JOB-355 1894400.0 1894512.0 14 1 1.4680064E7 1.4680064E7 112.0 109 112.0 1.0
JOB-356 1904640.0 1904648.0 1 1 1048576.0 1048576.0 8.0 8 8.0 1.0
JOB-357 1904640.0 1908816.0 1 29 2.18103808E8 1.8874368E7 4176.0 1625 48256.0 482.615441088
JOB-358 1925120.0 1926000.0 110 1 1.1534336E8 1.1534336E8 880.0 859 880.0 402.133564773
JOB-359 1925120.0 1925136.0 1 1 1048576.0 1048576.0 16.0 8 16.0 1.0
JOB-360 1935360.0 1962640.0 1 26 2.360344576E9 2.284847104E9 27280.0 17586 42256.0 1.0
JOB-361 1935360.0 1964872.0 141 93 2.0107493376E10 4.43547648E8 29512.0 3305 2638224.0 1.0
JOB-362 1945600.0 1945640.0 5 2 1.048576E7 5242880.0 40.0 39 80.0 327.232074653
JOB-363 1966080.0 1966112.0 4 1 4194304.0 4194304.0 32.0 31 32.0 1.0
JOB-364 1976320.0 1976672.0 2 1 4.6137344E7 4.6137344E7 352.0 344 352.0 1.0
JOB-365 2007040.0 2007488.0 1 28 3.4603008E7 2097152.0 448.0 258 7392.0 1.0
JOB-366 2017280.0 2017296.0 2 1 2097152.0 2097152.0 16.0 16 16.0 1.0
JOB-367 2027520.0 2028496.0 1 33 4.9283072E7 5242880.0 976.0 367 12064.0 1.0
JOB-368 2027520.0 2028480.0 1 40 5.3477376E7 3145728.0 960.0 398 16320.0 1.0
JOB-369 2037760.0 2038608.0 1 52 7.5497472E7 4194304.0 848.0 563 28360.0 164.241897348
JOB-370 2037760.0 2038552.0 1 33 4.2991616E7 3145728.0 792.0 320 10824.0 1.0
JOB-371 2037760.0 2038576.0 2 1 1.06954752E8 1.06954752E8 816.0 797 816.0 97.2461399233
JOB-372 2058240.0 2058272.0 4 1 4194304.0 4194304.0 32.0 31 32.0 1.0
JOB-373 2058240.0 2059152.0 1 38 5.4525952E7 3145728.0 912.0 406 15840.0 1.0
JOB-374 2058240.0 2078336.0 66 35 5.5226400768E10 2.629828608E9 20096.0 19594 421472.0 425.028576223
JOB-375 2088960.0 2088968.0 1 1 1048576.0 1048576.0 8.0 8 8.0 1.0
JOB-376 2088960.0 2089944.0 122 70 8.95483904E9 1.27926272E8 984.0 953 68880.0 190.079637338
JOB-377 2109440.0 2109448.0 1 1 1048576.0 1048576.0 8.0 8 8.0 403.050855428
JOB-378 2140160.0 2242904.0 43 118 2.66835329024E11 7.259291648E9 102744.0 54086 5077880.0 161.468025523
JOB-379 2150400.0 2151576.0 147 136 2.0963131392E10 1.54140672E8 1176.0 1148 159936.0 1.0
JOB-380 2150400.0 2152512.0 1 36 6.3963136E7 5242880.0 2112.0 477 57608.0 370.952925649
JOB-381 2150400.0 2152496.0 111 46 5.354029056E9 1.16391936E8 2096.0 867 92944.0 427.527098074
JOB-382 2170880.0 2171544.0 16 2 1.6777216E8 8.388608E7 664.0 625 1304.0 1.0
JOB-383 2170880.0 2181840.0 27 11 1.4127464448E10 1.330642944E9 10960.0 9914 118976.0 45.4919239793
JOB-384 2170880.0 2171552.0 1 31 4.0894464E7 3145728.0 672.0 305 11200.0 1.0
JOB-385 2170880.0 2171008.0 15 1 1.572864E7 1.572864E7 128.0 117 128.0 121.119159131
JOB-386 2181120.0 2181648.0 1 11 3.9845888E7 6291456.0 528.0 297 3344.0 178.883794136
JOB-387 2211840.0 2226848.0 1 24 7.06740224E8 6.77380096E8 15008.0 5266 20384.0 203.096910579
JOB-388 2211840.0 2416688.0 117 114 8.01981333504E11 1.8647875584E10 204848.0 138938 8366488.0 1.0
JOB-389 2211840.0 2222288.0 1 16 2.097152E7 2097152.0 10448.0 156 137168.0 198.823885362
JOB-390 2211840.0 2222120.0 5 2 1.048576E7 5242880.0 10280.0 39 20560.0 1.0
JOB-391 2222080.0 2222464.0 2 1 5.0331648E7 5.0331648E7 384.0 375 384.0 32.6298893048
JOB-392 2222080.0 2222432.0 2 1 4.6137344E7 4.6137344E7 352.0 344 352.0 1.0
JOB-393 2222080.0 2222552.0 1 36 4.6137344E7 3145728.0 472.0 344 11160.0 1.0
JOB-394 2222080.0 2222560.0 1 32 4.5088768E7 4194304.0 480.0 336 9608.0 1.0
JOB-395 2242560.0 2242568.0 1 1 1048576.0 1048576.0 8.0 8 8.0 243.114107848
JOB-396 2252800.0 2288864.0 3 122 5.445255168E9 1.60432128E8 36064.0 13523 1452960.0 171.385447079
JOB-397 2252800.0 2252816.0 1 1 1048576.0 1048576.0 16.0 8 16.0 1.0
JOB-398 2263040.0 2264192.0 1 18 8.2837504E7 8388608.0 1152.0 617 11376.0 1.0
JOB-399 2283520.0 2283528.0 1 1 1048576.0 1048576.0 8.0 8 8.0 1.0
JOB-400 2283520.0 2288728.0 130 102 2.412773376E10 6.815744E8 5208.0 5078 184896.0 1.0
JOB-401 2293760.0 2314328.0 1 45 1.246756864E9 6.5011712E7 20568.0 9289 426288.0 1.0
JOB-402 2314240.0 2446416.0 32 117 2.03205640192E11 9.462349824E9 132176.0 70500 5975592.0 484.995386825
JOB-403 2314240.0 2358264.0 137 73 2.51396096E10 5.74619648E8 44024.0 4281 3137280.0 767.331754273
JOB-404 2324480.0 2324984.0 1 21 3.0408704E7 3145728.0 504.0 227 4872.0 1.0
JOB-405 2344960.0 3376584.0 145 122 1.27807782912E12 2.493513728E10 1031624.0 185781 3.5503088E7 138.443712122
JOB-406 2344960.0 4637280.0 145 117 8.91415953408E12 2.4342167552E11 2292320.0 1813633 1.1391228E8 1.0
JOB-407 2355200.0 2356712.0 3 1 1.98180864E8 1.98180864E8 1512.0 1477 1512.0 1.0
JOB-408 2355200.0 2355456.0 32 14 4.69762048E8 3.3554432E7 256.0 250 3584.0 158.023024294
JOB-409 2355200.0 2355968.0 44 64 2.952790016E9 4.6137344E7 768.0 500 40352.0 1.0
JOB-410 2365440.0 2365528.0 11 1 1.1534336E7 1.1534336E7 88.0 86 88.0 337.320113732
JOB-411 2365440.0 2369760.0 1 54 2.13909504E8 1.048576E7 4320.0 1594 88216.0 1.0
JOB-412 2375680.0 2556088.0 146 76 1.91058935808E11 5.511315456E9 180408.0 41063 1.10264E7 1.0
JOB-413 2385920.0 2386256.0 1 21 2.5165824E7 2097152.0 336.0 188 4032.0 1.0
JOB-414 2416640.0 2446544.0 4 122 7.520387072E9 1.92937984E8 29904.0 14008 1510328.0 1.0
JOB-415 2426880.0 2426928.0 6 1 6291456.0 6291456.0 48.0 47 48.0 101.513978963
JOB-416 2426880.0 2482688.0 4 123 1.3333692416E10 3.85875968E8 55808.0 24836 2939032.0 1.0
JOB-417 2426880.0 2426920.0 3 5 1.572864E7 3145728.0 40.0 39 200.0 197.301045356
JOB-418 2457600.0 2482488.0 143 54 2.4891097088E10 2.24919552E9 24888.0 16758 1065744.0 1.0
JOB-419 2457600.0 2458352.0 2 1 9.8566144E7 9.8566144E7 752.0 734 752.0 1.0
JOB-420 2457600.0 2779216.0 55 119 3.7757648896E11 2.952790016E10 321616.0 220000 1.2031056E7 397.568154876
JOB-421 2457600.0 2476288.0 1 38 3.08281344E8 6.1865984E7 18688.0 2297 117952.0 1.0
JOB-422 2457600.0 2458368.0 5 2 1.048576E7 5242880.0 768.0 39 1536.0 330.667135253
JOB-423 2488320.0 2489496.0 2 3 3.08281344E8 1.02760448E8 1176.0 1148 3528.0 94.9277007568
JOB-424 2498560.0 2504200.0 15 15 6.08698368E9 7.3924608E8 5640.0 5508 46440.0 1.0
JOB-425 2498560.0 2498880.0 2 1 4.194304E7 4.194304E7 320.0 313 320.0 1.0
JOB-426 2508800.0 2510720.0 15 15 2.02899456E9 2.5165824E8 1920.0 1875 15480.0 441.533753098
JOB-427 2508800.0 2508808.0 1 1 1048576.0 1048576.0 8.0 8 8.0 1.0
JOB-428 2519040.0 2523632.0 13 14 4.416602112E9 5.58891008E8 4592.0 4164 36288.0 1.0
JOB-429 2519040.0 2519048.0 1 1 1048576.0 1048576.0 8.0 8 8.0 1.0
JOB-430 2519040.0 2519048.0 1 1 1048576.0 1048576.0 8.0 8 8.0 298.341621021
JOB-431 2539520.0 2540624.0 138 82 1.1865686016E10 1.44703488E8 1104.0 1078 90528.0 1.0
JOB-432 2539520.0 2539544.0 1 1 1048576.0 1048576.0 24.0 8 24.0 363.714473105
JOB-433 2549760.0 2549768.0 1 1 1048576.0 1048576.0 8.0 8 8.0 1.0
JOB-434 2560000.0 2560008.0 1 1 1048576.0 1048576.0 8.0 8 8.0 65.2357999194
JOB-435 2570240.0 2570640.0 2 1 5.24288E7 5.24288E7 400.0 391 400.0 142.246893165
JOB-436 2621440.0 2692712.0 2 122 3.477078016E9 1.048576E8 71272.0 12953 3844520.0 6.92585238799
JOB-437 2631680.0 2697448.0 9 122 2.7443331072E10 8.30472192E8 65768.0 22719 3016160.0 195.163349835
JOB-438 2672640.0 2673432.0 1 33 4.194304E7 3145728.0 792.0 313 10560.0 210.897578855
JOB-439 2672640.0 2794296.0 128 119 4.37012922368E11 1.3019119616E10 121656.0 97000 5738912.0 114.965450103
JOB-440 2693120.0 2693232.0 7 2 2.9360128E7 1.4680064E7 112.0 109 224.0 375.092096535
JOB-441 2693120.0 2694032.0 54 55 3.170893824E9 1.13246208E8 912.0 844 26400.0 1.0
JOB-442 2693120.0 2696208.0 43 68 3.201302528E9 1.80355072E8 3088.0 1344 100640.0 1.0
JOB-443 2693120.0 2697248.0 64 65 4.429185024E9 1.34217728E8 4128.0 1000 235040.0 1.0
JOB-444 2703360.0 2703376.0 1 1 2097152.0 2097152.0 16.0 16 16.0 306.904944577
JOB-445 2703360.0 2707912.0 57 73 4.4826624E9 1.79306496E8 4552.0 1336 248240.0 32.0207086518
JOB-446 2703360.0 2704448.0 63 67 4.492099584E9 1.32120576E8 1088.0 984 37520.0 1.0
JOB-447 2703360.0 2709688.0 71 74 5.658116096E9 2.23346688E8 6328.0 1664 381840.0 1.0
JOB-448 2703360.0 2706216.0 1 35 2.097152E8 1.572864E7 2856.0 1563 54800.0 1.0
JOB-449 2703360.0 2706176.0 47 72 3.646947328E9 1.47849216E8 2816.0 1102 120960.0 815.817183192
JOB-450 2713600.0 2713696.0 12 1 1.2582912E7 1.2582912E7 96.0 94 96.0 1.0
JOB-451 2713600.0 2715664.0 1 43 1.1534336E8 6291456.0 2064.0 859 37840.0 1.0
JOB-452 2744320.0 2744344.0 3 1 3145728.0 3145728.0 24.0 23 24.0 1.0
JOB-453 2744320.0 2744720.0 2 1 5.24288E7 5.24288E7 400.0 391 400.0 242.261481641
JOB-454 2764800.0 2764816.0 2 1 2097152.0 2097152.0 16.0 16 16.0 1.0
JOB-455 2764800.0 2764824.0 3 1 3145728.0 3145728.0 24.0 23 24.0 1.0
JOB-456 2764800.0 2764816.0 2 1 2097152.0 2097152.0 16.0 16 16.0 282.127500279
JOB-457 2764800.0 2917936.0 122 141 3.7610323968E10 1.9700645888E10 153136.0 146781 313320.0 371.42326373
JOB-458 2775040.0 2776048.0 126 44 5.813305344E9 1.32120576E8 1008.0 984 44352.0 8.98526117795
JOB-459 2785280.0 2785296.0 2 1 2097152.0 2097152.0 16.0 16 16.0 80.3171452392
JOB-460 2785280.0 2785320.0 5 2 1.048576E7 5242880.0 40.0 39 80.0 1.0
JOB-461 2785280.0 2786720.0 3 1 1.8874368E8 1.8874368E8 1440.0 1406 1440.0 1.0
JOB-462 2785280.0 2973728.0 108 85 3.28866988032E11 9.965666304E9 188448.0 74250 2666752.0 1.0
JOB-463 2816000.0 2817072.0 134 25 3.5127296E9 1.40509184E8 1072.0 1047 26800.0 1.0
JOB-464 2836480.0 2838256.0 2 1 2.32783872E8 2.32783872E8 1776.0 1734 1776.0 422.695701267
JOB-465 2918400.0 2930928.0 29 16 2.5877807104E10 1.642070016E9 12528.0 12234 197432.0 469.89215126
JOB-466 2938880.0 2939280.0 2 1 5.24288E7 5.24288E7 400.0 391 400.0 1.0
JOB-467 2938880.0 2939216.0 2 1 4.4040192E7 4.4040192E7 336.0 328 336.0 7.34476582538
JOB-468 2949120.0 2949152.0 4 1 4194304.0 4194304.0 32.0 31 32.0 348.647372666
JOB-469 2949120.0 2949136.0 1 1 2097152.0 2097152.0 16.0 16 16.0 1.0
JOB-470 2959360.0 2959368.0 1 1 1048576.0 1048576.0 8.0 8 8.0 1.0
JOB-471 3020800.0 3020840.0 5 2 1.048576E7 5242880.0 40.0 39 80.0 1.0
JOB-472 3020800.0 3020880.0 2 1 1.048576E7 1.048576E7 80.0 78 80.0 1.0
JOB-473 3041280.0 3041752.0 1 1 6.1865984E7 6.1865984E7 472.0 461 472.0 391.257253341
JOB-474 3041280.0 3043488.0 2 1 2.89406976E8 2.89406976E8 2208.0 2156 2208.0 1.0
JOB-475 3041280.0 3047976.0 3 1 8.77658112E8 8.77658112E8 6696.0 6539 6696.0 1.0
JOB-476 3041280.0 3042000.0 2 1 9.437184E7 9.437184E7 720.0 703 720.0 1.0
JOB-477 3041280.0 3041296.0 2 1 2097152.0 2097152.0 16.0 16 16.0 12.3817633114
JOB-478 3041280.0 3041296.0 2 1 2097152.0 2097152.0 16.0 16 16.0 248.778258084
JOB-479 3041280.0 3042616.0 3 1 1.7301504E8 1.7301504E8 1336.0 1289 1336.0 267.6762884
JOB-480 3041280.0 3050720.0 4 1 1.23731968E9 1.23731968E9 9440.0 9219 9440.0 240.490775478
JOB-481 3041280.0 3043184.0 2 1 2.47463936E8 2.47463936E8 1904.0 1844 1904.0 183.262158551
JOB-482 3041280.0 3043160.0 5 2 4.9283072E8 2.4641536E8 1880.0 1836 3760.0 17.4689533297
JOB-483 3072000.0 3073168.0 146 135 2.066743296E10 1.53092096E8 1168.0 1141 157680.0 1.0
JOB-484 3082240.0 3083408.0 146 132 2.0208156672E10 1.53092096E8 1168.0 1141 154176.0 252.373189619
JOB-485 3082240.0 3083632.0 4 29 1.21634816E8 4194304.0 1392.0 227 39064.0 607.371999354
JOB-486 3092480.0 3092512.0 2 1 4194304.0 4194304.0 32.0 31 32.0 1.0
JOB-487 3102720.0 3262544.0 146 141 1.001834676224E12 1.760559104E10 159824.0 131172 9253144.0 1.0
JOB-488 3112960.0 3112976.0 2 1 2097152.0 2097152.0 16.0 16 16.0 451.485223359
JOB-489 3112960.0 3202320.0 51 30 2.3316135936E10 1.1711545344E10 89360.0 87258 178128.0 1.0
JOB-490 3133440.0 3133496.0 1 1 7340032.0 7340032.0 56.0 55 56.0 1.0
JOB-491 3164160.0 3164864.0 2 1 9.2274688E7 9.2274688E7 704.0 688 704.0 55.7376374459
JOB-492 3174400.0 3174416.0 2 1 2097152.0 2097152.0 16.0 16 16.0 1.0
JOB-493 3184640.0 3186152.0 3 1 1.98180864E8 1.98180864E8 1512.0 1477 1512.0 403.173240185
JOB-494 3205120.0 3220152.0 134 80 7.1800193024E10 1.967128576E9 15032.0 14656 548248.0 1.0
JOB-495 3215360.0 3215384.0 1 1 3145728.0 3145728.0 24.0 23 24.0 349.28900863
JOB-496 3225600.0 3226528.0 13 29 8.72415232E8 5.4525952E7 928.0 500 14848.0 1.0
JOB-497 3235840.0 3235936.0 2 3 1.2582912E7 8388608.0 96.0 63 144.0 110.904252365
JOB-498 3246080.0 3256392.0 13 137 7.90626304E9 1.3631488E8 10312.0 4531 633088.0 505.015332829
JOB-499 3256320.0 3256976.0 2 1 8.5983232E7 8.5983232E7 656.0 641 656.0 1.0
JOB-500 3266560.0 3266944.0 2 1 5.0331648E7 5.0331648E7 384.0 375 384.0 78.2690803047
JOB-501 3287040.0 3287080.0 5 2 1.048576E7 5242880.0 40.0 39 80.0 1.0
JOB-502 3297280.0 3297288.0 1 1 1048576.0 1048576.0 8.0 8 8.0 1.0
JOB-503 3358720.0 3369280.0 30 11 1.396703232E10 1.38412032E9 10560.0 10313 106560.0 1.0
JOB-504 3358720.0 3358736.0 2 1 2097152.0 2097152.0 16.0 16 16.0 1.0
JOB-505 3368960.0 3368976.0 2 1 2097152.0 2097152.0 16.0 16 16.0 1.0
JOB-506 3379200.0 3379216.0 2 1 2097152.0 2097152.0 16.0 16 16.0 203.587353821
JOB-507 3379200.0 3379416.0 3 1 2.8311552E7 2.8311552E7 216.0 211 216.0 1.0
JOB-508 3379200.0 3379440.0 5 1 3.145728E7 3.145728E7 240.0 234 240.0 102.589949706
JOB-509 3379200.0 3379288.0 1 1 1.1534336E7 1.1534336E7 88.0 86 88.0 368.981355156
JOB-510 3379200.0 3387240.0 142 88 3.2459718656E10 1.042284544E9 8040.0 7766 255520.0 100.537911381
JOB-511 3399680.0 3400584.0 113 27 3.199205376E9 1.18489088E8 904.0 883 24408.0 201.584265707
JOB-512 3461120.0 3461128.0 1 1 1048576.0 1048576.0 8.0 8 8.0 1.0
JOB-513 3481600.0 3481640.0 5 1 5242880.0 5242880.0 40.0 39 40.0 1.0
JOB-514 3481600.0 3482576.0 61 18 1.27926272E9 1.27926272E8 976.0 953 9760.0 122.629905731
JOB-515 3481600.0 3482624.0 4 1 1.34217728E8 1.34217728E8 1024.0 1000 1024.0 1.0
JOB-516 3481600.0 3481640.0 5 1 5242880.0 5242880.0 40.0 39 40.0 434.457308308
JOB-517 3481600.0 3481616.0 1 1 1048576.0 1048576.0 16.0 8 16.0 1.0
JOB-518 3522560.0 3522864.0 2 1 3.9845888E7 3.9845888E7 304.0 297 304.0 547.504327421
JOB-519 3532800.0 3534312.0 63 19 2.576351232E9 1.98180864E8 1512.0 1477 19656.0 297.92458736
JOB-520 3532800.0 3532840.0 5 1 5242880.0 5242880.0 40.0 39 40.0 273.195776237
JOB-521 3553280.0 3553320.0 5 2 1.048576E7 5242880.0 40.0 39 80.0 1.0
JOB-522 3563520.0 3564792.0 3 1 1.66723584E8 1.66723584E8 1272.0 1242 1272.0 346.066641118
JOB-523 3584000.0 3584008.0 1 1 1048576.0 1048576.0 8.0 8 8.0 1.0
JOB-524 3604480.0 3604504.0 1 1 3145728.0 3145728.0 24.0 23 24.0 1.0
JOB-525 3624960.0 3625216.0 4 1 3.3554432E7 3.3554432E7 256.0 250 256.0 1.0
JOB-526 3624960.0 3625040.0 2 1 1.048576E7 1.048576E7 80.0 78 80.0 405.946408902
2.4247392E7
3.930404738292672E9