JOB-1 0.0 8.0 1 1 1048576.0 1048576.0 8.0 14 8.0 155.663412729
JOB-2 10240.0 10624.0 2 1 5.0331648E7 5.0331648E7 384.0 637 384.0 1.0
JOB-3 10240.0 10272.0 2 1 4194304.0 4194304.0 32.0 34 32.0 245.625643104
JOB-4 10240.0 45128.0 27 116 8.762425344E10 2.038431744E9 34888.0 43916 1768264.0 1.0
JOB-5 20480.0 32520.0 1 51 6.7108864E7 3145728.0 12040.0 522 80224.0 313.45987495
JOB-6 30720.0 32120.0 1 37 5.1380224E7 3145728.0 1400.0 475 13384.0 1.0
JOB-7 61440.0 63024.0 73 1 1.53092096E8 1.53092096E8 1584.0 1948 1584.0 1.0
JOB-8 61440.0 61448.0 1 1 1048576.0 1048576.0 8.0 13 8.0 1.0
JOB-9 61440.0 64352.0 52 56 4.307550208E9 3.81681664E8 2912.0 5287 36728.0 1.0
JOB-10 71680.0 81424.0 1 1 1048576.0 1048576.0 9744.0 8 9744.0 1.0
JOB-11 71680.0 71688.0 1 1 1048576.0 1048576.0 8.0 11 8.0 1.0
JOB-12 71680.0 237600.0 147 138 1.076980875264E12 2.157969408E10 165920.0 297378 8877304.0 1.0
JOB-13 71680.0 80904.0 14 1 1.4680064E7 1.4680064E7 9224.0 212 9224.0 186.782569445
JOB-14 81920.0 86832.0 137 1 1.43654912E8 1.43654912E8 4912.0 1899 4912.0 1.0
JOB-15 81920.0 81928.0 1 1 1048576.0 1048576.0 8.0 8 8.0 218.300515281
JOB-16 92160.0 126048.0 119 43 5.365563392E9 1.24780544E8 33888.0 1742 545856.0 549.847710239
JOB-17 92160.0 92168.0 1 1 1048576.0 1048576.0 8.0 14 8.0 53.3131025139
JOB-18 92160.0 99688.0 1 1 1048576.0 1048576.0 7528.0 13 7528.0 237.84674474
JOB-19 92160.0 118560.0 3 1 1.95035136E8 1.95035136E8 26400.0 2761 26400.0 270.029879911
JOB-20 102400.0 110896.0 7 1 7340032.0 7340032.0 8496.0 72 8496.0 1.0
JOB-21 112640.0 112648.0 1 1 1048576.0 1048576.0 8.0 11 8.0 1.0
JOB-22 112640.0 112648.0 1 1 1048576.0 1048576.0 8.0 13 8.0 383.23315481
JOB-23 112640.0 112648.0 1 1 1048576.0 1048576.0 8.0 15 8.0 310.638258493
JOB-24 122880.0 125872.0 3 1 3145728.0 3145728.0 2992.0 44 2992.0 639.35613511
JOB-25 143360.0 143728.0 2 1 4.4040192E7 4.4040192E7 368.0 629 368.0 457.215966611
JOB-26 143360.0 153824.0 145 66 1.109917696E10 3.0408704E8 10464.0 2927 285688.0 261.086106897
JOB-27 143360.0 143368.0 1 1 1048576.0 1048576.0 8.0 9 8.0 23.1296266165
JOB-28 153600.0 154496.0 1 1 1048576.0 1048576.0 896.0 10 896.0 1.0
JOB-29 153600.0 156960.0 7 1 7340032.0 7340032.0 3360.0 81 3360.0 158.67723658
JOB-30 153600.0 153656.0 7 1 7340032.0 7340032.0 56.0 69 56.0 196.967969673
JOB-31 153600.0 154344.0 7 1 7340032.0 7340032.0 744.0 71 744.0 203.761836369
JOB-32 153600.0 154448.0 7 1 7340032.0 7340032.0 848.0 98 848.0 1.0
JOB-33 153600.0 153712.0 7 1 7340032.0 7340032.0 112.0 70 112.0 1.0
JOB-34 153600.0 154408.0 7 1 7340032.0 7340032.0 808.0 103 808.0 1.0
JOB-35 153600.0 153656.0 7 1 7340032.0 7340032.0 56.0 95 56.0 413.346753355
JOB-36 153600.0 153664.0 7 1 7340032.0 7340032.0 64.0 108 64.0 63.0765694854
JOB-37 153600.0 155960.0 1 23 1.92937984E8 1.6777216E7 2360.0 2209 20288.0 82.5898442649
JOB-38 163840.0 163848.0 1 1 1048576.0 1048576.0 8.0 15 8.0 1.0
JOB-39 194560.0 195672.0 15 5 3.93216E8 7.86432E7 1112.0 880 4424.0 1.0
JOB-40 194560.0 198296.0 14 5 3.670016E8 7.340032E7 3736.0 812 6296.0 1.0
JOB-41 194560.0 195288.0 7 1 7340032.0 7340032.0 728.0 58 728.0 91.9746299114
JOB-42 194560.0 195576.0 15 5 3.145728E8 6.291456E7 1016.0 635 3680.0 460.109607962
JOB-43 194560.0 194616.0 7 1 7340032.0 7340032.0 56.0 79 56.0 1.0
JOB-44 194560.0 194616.0 7 1 7340032.0 7340032.0 56.0 70 56.0 1.0
JOB-45 194560.0 195424.0 15 5 3.145728E8 6.291456E7 864.0 748 3632.0 263.987630297
JOB-46 194560.0 194640.0 7 1 7340032.0 7340032.0 80.0 101 80.0 1.0
JOB-47 194560.0 195384.0 15 5 3.145728E8 6.291456E7 824.0 636 3008.0 191.870552677
JOB-48 194560.0 194672.0 7 1 7340032.0 7340032.0 112.0 71 112.0 9.49673928815
JOB-49 194560.0 194616.0 7 1 7340032.0 7340032.0 56.0 86 56.0 343.117481568
JOB-50 204800.0 205880.0 15 4 3.7748736E8 1.4155776E8 1080.0 1373 2984.0 441.142790859
JOB-51 204800.0 204856.0 7 1 7340032.0 7340032.0 56.0 96 56.0 189.747528654
JOB-52 225280.0 225336.0 7 1 7340032.0 7340032.0 56.0 86 56.0 1.0
JOB-53 235520.0 235568.0 1 1 6291456.0 6291456.0 48.0 53 48.0 125.975587617
JOB-54 235520.0 236496.0 5 2 1.048576E7 5242880.0 976.0 62 1944.0 1.0
JOB-55 245760.0 245864.0 13 1 1.3631488E7 1.3631488E7 104.0 177 104.0 821.628918032
JOB-56 245760.0 262496.0 2 112 4.353687552E9 9.437184E7 16736.0 27182 953248.0 1.0
JOB-57 256000.0 256032.0 4 1 4194304.0 4194304.0 32.0 35 32.0 18.3108259323
JOB-58 266240.0 266688.0 1 42 5.8720256E7 4194304.0 448.0 548 10152.0 1.0
JOB-59 286720.0 287456.0 2 1 9.6468992E7 9.6468992E7 736.0 1089 736.0 69.5280545833
JOB-60 296960.0 296976.0 2 1 2097152.0 2097152.0 16.0 21 16.0 421.882141098
JOB-61 337920.0 338032.0 14 1 1.4680064E7 1.4680064E7 112.0 215 112.0 1.0
JOB-62 337920.0 337944.0 3 1 3145728.0 3145728.0 24.0 46 24.0 1.0
JOB-63 337920.0 338136.0 27 1 2.8311552E7 2.8311552E7 216.0 227 216.0 179.118516408
JOB-64 337920.0 338024.0 13 1 1.3631488E7 1.3631488E7 104.0 146 104.0 551.041408289
JOB-65 337920.0 338128.0 26 1 2.7262976E7 2.7262976E7 208.0 390 208.0 422.024144725
JOB-66 337920.0 338136.0 27 1 2.8311552E7 2.8311552E7 216.0 380 216.0 1.0
JOB-67 337920.0 338032.0 14 1 1.4680064E7 1.4680064E7 112.0 154 112.0 359.511929044
JOB-68 348160.0 351584.0 28 9 3.141533696E9 3.81681664E8 3424.0 4827 26552.0 1.0
JOB-69 348160.0 348656.0 2 1 6.5011712E7 6.5011712E7 496.0 510 496.0 1.0
JOB-70 348160.0 348216.0 7 1 7340032.0 7340032.0 56.0 91 56.0 1.0
JOB-71 348160.0 353224.0 27 8 3.057647616E9 6.51165696E8 5064.0 5650 27712.0 1.0
JOB-72 348160.0 348648.0 14 1 1.4680064E7 1.4680064E7 488.0 184 488.0 254.307113778
JOB-73 358400.0 363216.0 27 1 2.8311552E7 2.8311552E7 4816.0 279 4816.0 1.0
JOB-74 358400.0 358872.0 1 48 6.1865984E7 4194304.0 472.0 828 12432.0 438.773483509
JOB-75 358400.0 367496.0 48 143 3.8604374016E10 5.53648128E8 9096.0 8170 588112.0 104.657555515
JOB-76 368640.0 368648.0 1 1 1048576.0 1048576.0 8.0 14 8.0 237.062544151
JOB-77 378880.0 378888.0 1 1 1048576.0 1048576.0 8.0 14 8.0 90.8156321738
JOB-78 378880.0 378896.0 1 1 1048576.0 1048576.0 16.0 14 16.0 221.056137205
JOB-79 378880.0 379128.0 27 1 2.8311552E7 2.8311552E7 248.0 332 248.0 589.788983408
JOB-80 378880.0 379552.0 28 9 3.22961408E8 8.8080384E7 672.0 1001 2552.0 1.0
JOB-81 389120.0 411040.0 89 40 6.29932032E10 2.79969792E9 21920.0 37862 518896.0 1.0
JOB-82 389120.0 392064.0 27 1 2.8311552E7 2.8311552E7 2944.0 233 2944.0 63.0837018753
JOB-83 389120.0 395080.0 29 9 3.0408704E9 3.64904448E8 5960.0 4659 34168.0 1.0
JOB-84 399360.0 400728.0 2 1 1.59383552E8 1.59383552E8 1368.0 2324 1368.0 1.0
JOB-85 399360.0 400288.0 12 1 1.2582912E7 1.2582912E7 928.0 99 928.0 1.0
JOB-86 399360.0 399560.0 23 1 2.4117248E7 2.4117248E7 200.0 276 200.0 367.843880166
JOB-87 399360.0 400040.0 14 1 1.4680064E7 1.4680064E7 680.0 215 680.0 20.9012448399
JOB-88 399360.0 401736.0 147 14 2.157969408E9 1.54140672E8 2376.0 1438 21064.0 1.0
JOB-89 399360.0 401256.0 29 9 4.5613056E8 9.1226112E7 1896.0 1106 10248.0 1.0
JOB-90 399360.0 400184.0 13 1 1.3631488E7 1.3631488E7 824.0 188 824.0 1.0
JOB-91 399360.0 402696.0 29 9 3.284140032E9 3.64904448E8 3336.0 3647 27048.0 172.193038251
JOB-92 409600.0 410008.0 28 1 2.9360128E7 2.9360128E7 408.0 346 408.0 1.0
JOB-93 409600.0 409640.0 5 1 5242880.0 5242880.0 40.0 68 40.0 1.0
JOB-94 430080.0 430416.0 2 1 4.4040192E7 4.4040192E7 336.0 502 336.0 1.0
JOB-95 440320.0 440376.0 7 1 7340032.0 7340032.0 56.0 57 56.0 1.0
JOB-96 460800.0 460808.0 1 1 1048576.0 1048576.0 8.0 11 8.0 1.0
JOB-97 460800.0 460808.0 1 1 1048576.0 1048576.0 8.0 15 8.0 1.0
JOB-98 460800.0 460808.0 1 1 1048576.0 1048576.0 8.0 8 8.0 106.840805232
JOB-99 460800.0 460808.0 1 1 1048576.0 1048576.0 8.0 8 8.0 1.0
JOB-100 460800.0 460808.0 1 1 1048576.0 1048576.0 8.0 10 8.0 1.0
JOB-101 471040.0 471048.0 1 1 1048576.0 1048576.0 8.0 13 8.0 1.0
JOB-102 491520.0 492048.0 3 64 2.0447232E8 6291456.0 528.0 732 17696.0 491.497244246
JOB-103 501760.0 501864.0 13 1 1.3631488E7 1.3631488E7 104.0 122 104.0 70.9225027304
JOB-104 501760.0 501768.0 1 1 1048576.0 1048576.0 8.0 11 8.0 2.49166144264
JOB-105 501760.0 501768.0 1 1 1048576.0 1048576.0 8.0 15 8.0 498.067379026
JOB-106 512000.0 512008.0 1 1 1048576.0 1048576.0 8.0 10 8.0 97.7553873997
JOB-107 512000.0 515384.0 1 1 4.43547648E8 4.43547648E8 3384.0 5103 3384.0 279.266104763
JOB-108 512000.0 512296.0 4 15 1.42606336E8 2.097152E7 296.0 417 2656.0 231.372048956
JOB-109 522240.0 522248.0 1 1 1048576.0 1048576.0 8.0 12 8.0 205.793641288
JOB-110 532480.0 532512.0 4 1 4194304.0 4194304.0 32.0 59 32.0 335.883753137
JOB-111 532480.0 533920.0 3 1 1.8874368E8 1.8874368E8 1440.0 2737 1440.0 1.0
JOB-112 552960.0 557624.0 1 1 6.11319808E8 6.11319808E8 4664.0 7328 4664.0 198.557734135
JOB-113 563200.0 563208.0 1 1 1048576.0 1048576.0 8.0 9 8.0 1.0
JOB-114 614400.0 620176.0 10 3 2.097152E9 7.4448896E8 5776.0 10745 17136.0 222.116621311
JOB-115 614400.0 614448.0 5 2 1.048576E7 5242880.0 48.0 64 88.0 390.946687485
JOB-116 614400.0 614616.0 27 1 2.8311552E7 2.8311552E7 216.0 400 216.0 469.635225722
JOB-117 614400.0 614504.0 13 1 1.3631488E7 1.3631488E7 104.0 196 104.0 1.0
JOB-118 614400.0 614632.0 29 1 3.0408704E7 3.0408704E7 232.0 333 232.0 1.0
JOB-119 614400.0 614504.0 13 1 1.3631488E7 1.3631488E7 104.0 162 104.0 104.122861847
JOB-120 624640.0 625120.0 28 1 2.9360128E7 2.9360128E7 480.0 261 480.0 347.868571962
JOB-121 624640.0 625016.0 26 1 2.7262976E7 2.7262976E7 376.0 271 376.0 1.0
JOB-122 624640.0 625104.0 13 1 1.3631488E7 1.3631488E7 464.0 189 464.0 591.533078979
JOB-123 624640.0 626936.0 138 84 1.374683136E10 2.89406976E8 2296.0 2981 114456.0 218.240519386
JOB-124 634880.0 634928.0 3 1 6291456.0 6291456.0 48.0 70 48.0 155.578217851
JOB-125 634880.0 634952.0 3 1 6291456.0 6291456.0 72.0 78 72.0 234.942758149
JOB-126 634880.0 634912.0 3 1 3145728.0 3145728.0 32.0 25 32.0 1.0
JOB-127 634880.0 634936.0 3 1 6291456.0 6291456.0 56.0 48 56.0 255.65631163
JOB-128 634880.0 634904.0 3 1 3145728.0 3145728.0 24.0 44 24.0 1.0
JOB-129 645120.0 645576.0 3 1 6291456.0 6291456.0 456.0 51 456.0 49.1208420706
JOB-130 645120.0 645176.0 3 1 3145728.0 3145728.0 56.0 43 56.0 827.541853527
JOB-131 645120.0 645168.0 3 1 6291456.0 6291456.0 48.0 92 48.0 437.654179833
JOB-132 645120.0 645176.0 3 1 6291456.0 6291456.0 56.0 93 56.0 1.0
JOB-133 645120.0 645592.0 3 1 3145728.0 3145728.0 472.0 32 472.0 216.063610224
JOB-134 645120.0 650232.0 1 1 6.68991488E8 6.68991488E8 5112.0 7431 5112.0 1.0
JOB-135 645120.0 645648.0 1 48 6.5011712E7 4194304.0 528.0 648 13104.0 1.0
JOB-136 645120.0 645704.0 1 56 7.6546048E7 3145728.0 584.0 856 17792.0 1.0
JOB-137 655360.0 655696.0 2 1 4.4040192E7 4.4040192E7 336.0 344 336.0 342.043093887
JOB-138 655360.0 657152.0 26 16 3.053453312E9 1.90840832E8 1792.0 1969 27328.0 1.0
JOB-139 665600.0 670456.0 30 1 3.145728E7 3.145728E7 4856.0 426 4856.0 266.825053408
JOB-140 665600.0 1739576.0 16 119 8.8113938432E10 2.030043136E9 1073976.0 68893 1.337176E7 1.0
JOB-141 665600.0 1543520.0 99 44 4.567597056E9 1.03809024E8 877920.0 1375 5030664.0 180.992744804
JOB-142 665600.0 666528.0 1 1 1048576.0 1048576.0 928.0 8 928.0 1.0
JOB-143 665600.0 675944.0 13 1 1.3631488E7 1.3631488E7 10344.0 165 10344.0 39.4168718023
JOB-144 675840.0 675888.0 3 1 6291456.0 6291456.0 48.0 56 48.0 12.1961506821
JOB-145 675840.0 676392.0 1 55 7.2351744E7 3145728.0 552.0 628 16560.0 100.376478067
JOB-146 686080.0 686096.0 1 1 1048576.0 1048576.0 16.0 10 16.0 94.645438338
JOB-147 686080.0 686088.0 1 1 1048576.0 1048576.0 8.0 11 8.0 620.605584893
JOB-148 686080.0 688840.0 1 44 3.0408704E8 1.572864E7 2760.0 2877 62264.0 548.55489734
JOB-149 686080.0 686096.0 1 1 1048576.0 1048576.0 16.0 12 16.0 1.0
JOB-150 686080.0 686088.0 1 1 1048576.0 1048576.0 8.0 13 8.0 570.866732165
JOB-151 686080.0 696328.0 27 1 2.8311552E7 2.8311552E7 10248.0 312 10248.0 1.0
JOB-152 686080.0 696888.0 13 1 1.3631488E7 1.3631488E7 10808.0 104 10808.0 1.0
JOB-153 686080.0 1734992.0 65 67 4.63470592E9 1.3631488E8 1048912.0 1670 3613776.0 1.0
JOB-154 696320.0 1537184.0 64 61 4.160749568E9 1.34217728E8 840864.0 1136 2747608.0 297.333765524
JOB-155 696320.0 1546880.0 60 63 4.0894464E9 1.8874368E8 850560.0 2502 4681560.0 1.0
JOB-156 696320.0 1547464.0 56 58 3.464495104E9 1.17440512E8 851144.0 1254 6707344.0 92.0528288028
JOB-157 696320.0 1543528.0 49 74 3.904897024E9 1.54140672E8 847208.0 1524 5148216.0 235.83050162
JOB-158 696320.0 1541968.0 65 62 4.29391872E9 1.3631488E8 845648.0 1127 4986920.0 1.0
JOB-159 696320.0 1545608.0 47 72 3.646947328E9 1.47849216E8 849288.0 1877 5888176.0 1.0
JOB-160 696320.0 1072152.0 23 52 1.254096896E9 2.4117248E7 375832.0 526 862928.0 87.6918496316
JOB-161 706560.0 707392.0 2 1 1.09051904E8 1.09051904E8 832.0 1322 832.0 1.0
JOB-162 706560.0 790464.0 27 1 2.8311552E7 2.8311552E7 83904.0 268 83904.0 1.0
JOB-163 706560.0 3835288.0 145 118 5.2424605696E12 1.2269912064E11 3128728.0 1058231 1.2946308E8 1.0
JOB-164 706560.0 819416.0 14 1 1.4680064E7 1.4680064E7 112856.0 149 112856.0 805.745773981
JOB-165 706560.0 902552.0 29 1 3.0408704E7 3.0408704E7 195992.0 305 195992.0 67.4778129261
JOB-166 716800.0 716808.0 1 1 1048576.0 1048576.0 8.0 13 8.0 414.484308879
JOB-167 727040.0 1757184.0 31 13 1.0369368064E10 1.267728384E9 1030144.0 12959 6023912.0 152.881086161
JOB-168 727040.0 727048.0 1 1 1048576.0 1048576.0 8.0 10 8.0 242.06833718
JOB-169 727040.0 810496.0 1 1 1048576.0 1048576.0 83456.0 15 83456.0 1.0
JOB-170 737280.0 840472.0 7 1 7340032.0 7340032.0 103192.0 87 103192.0 665.882486412
JOB-171 737280.0 737288.0 1 1 1048576.0 1048576.0 8.0 10 8.0 1.0
JOB-172 737280.0 899656.0 14 1 1.4680064E7 1.4680064E7 162376.0 130 162376.0 1.0
JOB-173 737280.0 752888.0 1 1 1048576.0 1048576.0 15608.0 13 15608.0 23.9081858195
JOB-174 737280.0 737288.0 1 1 1048576.0 1048576.0 8.0 14 8.0 299.603211237
JOB-175 737280.0 1075976.0 5 1 5242880.0 5242880.0 338696.0 52 338696.0 1.0
JOB-176 757760.0 793392.0 1 1 1048576.0 1048576.0 35632.0 14 35632.0 411.29270496
JOB-177 757760.0 757784.0 3 1 3145728.0 3145728.0 24.0 29 24.0 110.117629213
JOB-178 788480.0 799544.0 14 1 1.4680064E7 1.4680064E7 11064.0 174 11064.0 1.0
JOB-179 788480.0 790456.0 15 1 1.572864E7 1.572864E7 1976.0 222 1976.0 1.0
JOB-180 788480.0 826648.0 5 120 1.324875776E10 2.4117248E8 38168.0 34605 2362944.0 316.42399612
JOB-181 798720.0 798728.0 1 1 1048576.0 1048576.0 8.0 8 8.0 1.0
JOB-182 819200.0 1762344.0 121 47 5.963251712E9 1.26877696E8 943144.0 1273 8812560.0 1.0
JOB-183 829440.0 1460368.0 4 119 1.1815354368E10 2.9360128E8 630928.0 36684 9039344.0 295.944877396
JOB-184 829440.0 829448.0 1 1 1048576.0 1048576.0 8.0 13 8.0 254.516753798
JOB-185 829440.0 840464.0 2 1 5.24288E7 5.24288E7 11024.0 710 11024.0 184.441519695
JOB-186 849920.0 849936.0 1 1 2097152.0 2097152.0 16.0 17 16.0 107.408661707
JOB-187 849920.0 1802184.0 147 139 1.697397080064E12 3.2986103808E10 952264.0 374135 5.563308E7 269.675747987
JOB-188 860160.0 885960.0 7 1 7340032.0 7340032.0 25800.0 68 25800.0 675.835044728
JOB-189 870400.0 1508040.0 1 42 6.1865984E7 3145728.0 637640.0 815 1454872.0 1.0
JOB-190 880640.0 883816.0 7 1 7340032.0 7340032.0 3176.0 97 3176.0 191.906568485
JOB-191 880640.0 881888.0 7 1 7340032.0 7340032.0 1248.0 100 1248.0 2.22276535398
JOB-192 880640.0 903256.0 7 1 7340032.0 7340032.0 22616.0 95 22616.0 1.0
JOB-193 880640.0 881880.0 7 1 7340032.0 7340032.0 1240.0 72 1240.0 1.0
JOB-194 880640.0 882240.0 7 1 7340032.0 7340032.0 1600.0 79 1600.0 473.521707556
JOB-195 880640.0 882584.0 7 1 7340032.0 7340032.0 1944.0 67 1944.0 1.0
JOB-196 880640.0 881896.0 7 1 7340032.0 7340032.0 1256.0 94 1256.0 176.498892561
JOB-197 901120.0 906176.0 2 1 4.4040192E7 4.4040192E7 5056.0 535 5056.0 120.982366078
JOB-198 911360.0 1939464.0 147 141 1.757666082816E12 2.7282898944E10 1028104.0 398917 5.5286784E7 1.0
JOB-199 921600.0 921608.0 1 1 1048576.0 1048576.0 8.0 10 8.0 1.0
JOB-200 921600.0 1515072.0 4 1 4194304.0 4194304.0 593472.0 58 593472.0 1.0
JOB-201 921600.0 1799456.0 30 15 6.57457152E9 8.1788928E8 877856.0 7936 3670448.0 1.0
JOB-202 921600.0 935848.0 7 1 7340032.0 7340032.0 14248.0 107 14248.0 37.7684506441
JOB-203 931840.0 933048.0 7 1 7340032.0 7340032.0 1208.0 64 1208.0 1.0
JOB-204 931840.0 934616.0 1 1 1048576.0 1048576.0 2776.0 11 2776.0 1.0
JOB-205 931840.0 1507888.0 7 1 7340032.0 7340032.0 576048.0 99 576048.0 1.0
JOB-206 931840.0 1065888.0 7 1 7340032.0 7340032.0 134048.0 80 134048.0 4.19726769841
JOB-207 942080.0 1855520.0 147 141 1.523372261376E12 2.9595009024E10 913440.0 284794 4.2932816E7 342.189244895
JOB-208 942080.0 942184.0 13 1 1.3631488E7 1.3631488E7 104.0 126 104.0 480.157440982
JOB-209 942080.0 1870744.0 147 144 1.604912676864E12 3.1136415744E10 928664.0 453335 4.5035648E7 160.054292432
JOB-210 942080.0 957240.0 7 1 7340032.0 7340032.0 15160.0 69 15160.0 218.998941148
JOB-211 952320.0 963296.0 1 45 6.1865984E7 3145728.0 10976.0 505 33784.0 1.0
JOB-212 972800.0 972808.0 1 1 1048576.0 1048576.0 8.0 11 8.0 535.977938993
JOB-213 972800.0 972808.0 1 1 1048576.0 1048576.0 8.0 11 8.0 1.0
JOB-214 972800.0 972808.0 1 1 1048576.0 1048576.0 8.0 10 8.0 1.0
JOB-215 972800.0 1964848.0 147 143 2.106948845568E12 3.699376128E10 992048.0 341747 5.7994016E7 295.602144602
JOB-216 972800.0 972816.0 1 1 1048576.0 1048576.0 16.0 12 16.0 223.239406322
JOB-217 972800.0 1076168.0 7 1 7340032.0 7340032.0 103368.0 84 103368.0 295.242624189
JOB-218 983040.0 983048.0 1 1 1048576.0 1048576.0 8.0 10 8.0 1.0
JOB-219 983040.0 1854240.0 147 139 1.365840494592E12 2.1271412736E10 871200.0 176759 3.42874E7 364.115382252
JOB-220 993280.0 1444608.0 7 1 7340032.0 7340032.0 451328.0 62 451328.0 454.881141911
JOB-221 993280.0 993288.0 1 1 1048576.0 1048576.0 8.0 12 8.0 456.184364157
JOB-222 1003520.0 1006272.0 5 2 1.048576E7 5242880.0 2752.0 43 4360.0 64.1515937972
JOB-223 1013760.0 1013768.0 1 1 1048576.0 1048576.0 8.0 15 8.0 77.2019356807
JOB-224 1024000.0 1169144.0 1 43 7.1303168E7 4194304.0 145144.0 901 416928.0 52.5820096648
JOB-225 1024000.0 1851272.0 146 142 1.63349266432E12 3.4904997888E10 827272.0 487155 3.8888224E7 54.8067024261
JOB-226 1034240.0 1035440.0 1 40 7.2351744E7 7340032.0 1200.0 678 32144.0 77.3872893354
JOB-227 1044480.0 1044488.0 1 1 1048576.0 1048576.0 8.0 15 8.0 854.914783795
JOB-228 1044480.0 1374304.0 12 15 8.1788928E8 1.00663296E8 329824.0 1193 412368.0 1.0
JOB-229 1054720.0 1054728.0 1 1 1048576.0 1048576.0 8.0 14 8.0 1.0
JOB-230 1054720.0 1169896.0 10 3 3.145728E7 1.048576E7 115176.0 150 126504.0 1.0
JOB-231 1054720.0 1054728.0 1 1 1048576.0 1048576.0 8.0 14 8.0 1.0
JOB-232 1064960.0 1064968.0 1 1 1048576.0 1048576.0 8.0 10 8.0 14.7629530213
JOB-233 1064960.0 1072256.0 3 1 3145728.0 3145728.0 7296.0 46 7296.0 117.931586982
JOB-234 1075200.0 1763056.0 147 133 2.0500709376E10 1.54140672E8 687856.0 1874 1.1358504E7 3.3018262828
JOB-235 1085440.0 1087880.0 8 1 8388608.0 8388608.0 2440.0 92 2440.0 1.0
JOB-236 1085440.0 1087336.0 3 1 1.8874368E8 1.8874368E8 1896.0 2108 1896.0 580.050260421
JOB-237 1095680.0 1763096.0 58 20 1.21634816E9 6.0817408E7 667416.0 545 1768016.0 1.0
JOB-238 1095680.0 1096056.0 1 1 1.8874368E7 1.8874368E7 376.0 237 376.0 190.549544804
JOB-239 1095680.0 1096224.0 6 2 1.2582912E7 6291456.0 544.0 67 600.0 359.443904704
JOB-240 1095680.0 1095688.0 1 1 1048576.0 1048576.0 8.0 10 8.0 1.0
JOB-241 1095680.0 1101888.0 1 48 1.56237824E8 3.7748736E7 6208.0 1538 92560.0 394.517112018
JOB-242 1105920.0 1105928.0 1 1 1048576.0 1048576.0 8.0 13 8.0 800.119648309
JOB-243 1105920.0 1552688.0 2 1 1.1534336E8 1.1534336E8 446768.0 1646 446768.0 173.227419218
JOB-244 1105920.0 1111816.0 1 50 6.815744E7 5242880.0 5896.0 815 75656.0 1.0
JOB-245 1116160.0 1801104.0 4 115 1.549795328E10 9.81467136E8 684944.0 51178 1.4582776E7 128.473171633
JOB-246 1116160.0 1120880.0 13 1 1.3631488E7 1.3631488E7 4720.0 155 4720.0 233.661151353
JOB-247 1136640.0 2307192.0 137 125 5.782110208E11 5.818023936E10 1170552.0 551804 1.468564E7 449.609833796
JOB-248 1136640.0 1148360.0 1 1 1048576.0 1048576.0 11720.0 14 11720.0 190.464502927
JOB-249 1146880.0 1146888.0 1 1 1048576.0 1048576.0 8.0 14 8.0 271.65416253
JOB-250 1146880.0 1517576.0 4 1 4194304.0 4194304.0 370696.0 50 370696.0 1.0
JOB-251 1157120.0 1165144.0 1 62 9.2274688E7 3145728.0 8024.0 1020 157032.0 238.015849807
JOB-252 1177600.0 1455640.0 32 9 4.831838208E9 5.36870912E8 278040.0 7320 501168.0 1.0
JOB-253 1187840.0 1206144.0 1 54 8.0740352E7 4194304.0 18304.0 980 122168.0 214.050713919
JOB-254 1198080.0 1849808.0 7 7 1.02760448E10 1.556086784E9 651728.0 19313 2724240.0 190.828246508
JOB-255 1249280.0 1249832.0 27 1 2.8311552E7 2.8311552E7 552.0 393 552.0 1.0
JOB-256 1249280.0 1263544.0 28 1 2.9360128E7 2.9360128E7 14264.0 324 14264.0 1.0
JOB-257 1249280.0 1250064.0 25 1 2.62144E7 2.62144E7 784.0 323 784.0 1.0
JOB-258 1249280.0 1281264.0 15 1 1.572864E7 1.572864E7 31984.0 211 31984.0 1.0
JOB-259 1249280.0 1250896.0 13 1 1.3631488E7 1.3631488E7 1616.0 111 1616.0 322.485339581
JOB-260 1249280.0 1249384.0 13 1 1.3631488E7 1.3631488E7 104.0 114 104.0 69.3106402867
JOB-261 1249280.0 1253064.0 28 1 2.9360128E7 2.9360128E7 3784.0 224 3784.0 1.0
JOB-262 1259520.0 1274128.0 15 1 1.572864E7 1.572864E7 14608.0 215 14608.0 1.0
JOB-263 1259520.0 1263368.0 1 27 3.92167424E8 2.3068672E7 3848.0 5032 53160.0 444.930157469
JOB-264 1269760.0 1270376.0 1 1 1048576.0 1048576.0 616.0 11 616.0 29.3562665611
JOB-265 1280000.0 1280008.0 1 1 1048576.0 1048576.0 8.0 8 8.0 226.851119459
JOB-266 1300480.0 1302824.0 1 1 1048576.0 1048576.0 2344.0 11 2344.0 431.842587683
JOB-267 1331200.0 1357560.0 2 1 2097152.0 2097152.0 26360.0 18 26360.0 1.0
JOB-268 1331200.0 1331208.0 1 1 1048576.0 1048576.0 8.0 9 8.0 1.0
JOB-269 1331200.0 1336392.0 27 1 2.8311552E7 2.8311552E7 5192.0 318 5192.0 476.483559622
JOB-270 1331200.0 1331568.0 2 1 4.8234496E7 4.8234496E7 368.0 398 368.0 1.0
JOB-271 1341440.0 1342224.0 14 1 1.4680064E7 1.4680064E7 784.0 201 784.0 1.0
JOB-272 1351680.0 1358136.0 25 1 2.62144E7 2.62144E7 6456.0 312 6456.0 39.9121665054
JOB-273 1351680.0 1352784.0 1 1 1048576.0 1048576.0 1104.0 15 1104.0 301.80224311
JOB-274 1351680.0 1359888.0 28 1 2.9360128E7 2.9360128E7 8208.0 245 8208.0 1.0
JOB-275 1361920.0 1362040.0 15 1 1.572864E7 1.572864E7 120.0 138 120.0 225.864186475
JOB-276 1372160.0 1372168.0 1 1 1048576.0 1048576.0 8.0 8 8.0 1.0
JOB-277 1382400.0 1382408.0 1 1 1048576.0 1048576.0 8.0 10 8.0 94.3990869756
JOB-278 1382400.0 1382408.0 1 1 1048576.0 1048576.0 8.0 10 8.0 1.0
JOB-279 1392640.0 1392648.0 1 1 1048576.0 1048576.0 8.0 9 8.0 9.13738452227
JOB-280 1413120.0 1413128.0 1 1 1048576.0 1048576.0 8.0 13 8.0 230.328057126
JOB-281 1413120.0 1413504.0 2 1 5.0331648E7 5.0331648E7 384.0 657 384.0 172.593600395
JOB-282 1413120.0 1419072.0 27 1 2.8311552E7 2.8311552E7 5952.0 280 5952.0 31.2410430464
JOB-283 1413120.0 1413128.0 1 1 1048576.0 1048576.0 8.0 9 8.0 359.380975287
JOB-284 1423360.0 1423368.0 1 1 1048576.0 1048576.0 8.0 8 8.0 1.0
JOB-285 1443840.0 1443848.0 1 1 1048576.0 1048576.0 8.0 12 8.0 29.5884047044
JOB-286 1464320.0 1508056.0 13 1 1.3631488E7 1.3631488E7 43736.0 148 43736.0 1.0
JOB-287 1464320.0 1470816.0 14 1 8.51443712E8 8.51443712E8 6496.0 8494 6496.0 158.361009284
JOB-288 1484800.0 1484808.0 1 1 1048576.0 1048576.0 8.0 14 8.0 1.0
JOB-289 1495040.0 1497176.0 8 3 6.79477248E8 2.43269632E8 2136.0 2688 5912.0 232.240596759
JOB-290 1515520.0 1515528.0 1 1 1048576.0 1048576.0 8.0 14 8.0 1.0
JOB-291 1525760.0 1525768.0 1 1 1048576.0 1048576.0 8.0 9 8.0 1.0
JOB-292 1525760.0 1537376.0 1 34 4.6137344E7 3145728.0 11616.0 653 91256.0 1.0
JOB-293 1546240.0 1717216.0 14 1 1.4680064E7 1.4680064E7 170976.0 162 170976.0 60.431264518
JOB-294 1546240.0 1549192.0 1 31 1.7825792E8 1.048576E7 2952.0 2417 55152.0 179.03035701
JOB-295 1546240.0 1775056.0 5 113 1.490026496E10 7.5497472E8 228816.0 43516 9284536.0 374.050630285
JOB-296 1546240.0 1546256.0 2 1 2097152.0 2097152.0 16.0 27 16.0 216.460164239
JOB-297 1546240.0 1548240.0 5 2 1.048576E7 5242880.0 2000.0 73 3992.0 819.939508363
JOB-298 1546240.0 1546288.0 1 1 6291456.0 6291456.0 48.0 83 48.0 472.591278301
JOB-299 1556480.0 2256432.0 146 145 3.60991162368E12 7.4862034944E10 699952.0 621708 3.4413144E7 118.748949326
JOB-300 1576960.0 1577112.0 1 1 1048576.0 1048576.0 152.0 13 152.0 101.916437284
JOB-301 1576960.0 1605576.0 1 1 1048576.0 1048576.0 28616.0 16 28616.0 182.658989285
JOB-302 1576960.0 1576968.0 1 1 1048576.0 1048576.0 8.0 13 8.0 1.0
JOB-303 1597440.0 1774672.0 147 30 8.3852525568E10 5.240782848E9 177232.0 54920 1285184.0 1.0
JOB-304 1597440.0 1597448.0 1 1 1048576.0 1048576.0 8.0 9 8.0 815.726869679
JOB-305 1607680.0 1612448.0 2 1 2.57949696E8 2.57949696E8 4768.0 3370 4768.0 854.163479448
JOB-306 1617920.0 1617928.0 1 1 1048576.0 1048576.0 8.0 12 8.0 796.02565005
JOB-307 1617920.0 1821200.0 6 113 2.9500637184E10 6.85768704E8 203280.0 47677 7517904.0 1.0
JOB-308 1628160.0 1628168.0 1 1 1048576.0 1048576.0 8.0 8 8.0 1.0
JOB-309 1628160.0 1628168.0 1 1 1048576.0 1048576.0 8.0 14 8.0 188.934335611
JOB-310 1669120.0 1700888.0 15 1 1.572864E7 1.572864E7 31768.0 205 31768.0 1.0
JOB-311 1669120.0 1671816.0 12 1 1.2582912E7 1.2582912E7 2696.0 172 2696.0 1.0
JOB-312 1669120.0 1712280.0 30 1 3.145728E7 3.145728E7 43160.0 429 43160.0 110.730394539
JOB-313 1679360.0 1695200.0 27 1 2.8311552E7 2.8311552E7 15840.0 319 15840.0 325.954842043
JOB-314 1679360.0 1680432.0 28 1 2.9360128E7 2.9360128E7 1072.0 358 1072.0 504.882867953
JOB-315 1679360.0 1680392.0 14 1 1.4680064E7 1.4680064E7 1032.0 173 1032.0 54.0826234343
JOB-316 1679360.0 1704752.0 14 1 1.4680064E7 1.4680064E7 25392.0 120 25392.0 261.819802864
JOB-317 1679360.0 1699832.0 27 1 2.8311552E7 2.8311552E7 20472.0 343 20472.0 1.0
JOB-318 1679360.0 1690944.0 1 1 1048576.0 1048576.0 11584.0 8 11584.0 1.0
JOB-319 1679360.0 1679368.0 1 1 1048576.0 1048576.0 8.0 14 8.0 1.0
JOB-320 1679360.0 1689544.0 1 1 1048576.0 1048576.0 10184.0 12 10184.0 219.432805784
JOB-321 1689600.0 1689608.0 1 1 1048576.0 1048576.0 8.0 14 8.0 384.76658456
JOB-322 1689600.0 1710240.0 1 1 1048576.0 1048576.0 20640.0 12 20640.0 291.793080014
JOB-323 1689600.0 1689968.0 1 35 4.4040192E7 2097152.0 368.0 647 6472.0 573.134713206
JOB-324 1699840.0 1721944.0 1 19 1.8874368E8 1.8874368E7 22104.0 2590 93008.0 1.0
JOB-325 1699840.0 1700192.0 2 1 4.6137344E7 4.6137344E7 352.0 613 352.0 1.0
JOB-326 1699840.0 1701248.0 1 36 1.84549376E8 1.2582912E7 1408.0 1720 25632.0 1.0
JOB-327 1720320.0 1723432.0 25 1 2.62144E7 2.62144E7 3112.0 339 3112.0 1.0
JOB-328 1720320.0 1761368.0 30 1 3.145728E7 3.145728E7 41048.0 321 41048.0 451.173594385
JOB-329 1730560.0 1730864.0 13 1 1.3631488E7 1.3631488E7 304.0 170 304.0 1.0
JOB-330 1730560.0 1761520.0 27 1 2.8311552E7 2.8311552E7 30960.0 319 30960.0 1.0
JOB-331 1740800.0 1740864.0 8 1 8388608.0 8388608.0 64.0 70 64.0 399.027063574
JOB-332 1740800.0 1741888.0 14 1 1.4680064E7 1.4680064E7 1088.0 159 1088.0 1.0
JOB-333 1761280.0 1805032.0 1 35 1.47849216E8 7340032.0 43752.0 2150 132712.0 191.036072728
JOB-334 1761280.0 1980552.0 147 134 2.0654850048E10 1.54140672E8 219272.0 1559 7841856.0 1.0
JOB-335 1771520.0 1789952.0 18 5 1.8874368E8 3.7748736E7 18432.0 511 27968.0 227.937314886
JOB-336 1781760.0 1783568.0 13 1 1.3631488E7 1.3631488E7 1808.0 131 1808.0 1.0
JOB-337 1781760.0 1843528.0 28 1 2.9360128E7 2.9360128E7 61768.0 302 61768.0 1.0
JOB-338 1781760.0 1988152.0 6 7 1.0846470144E10 1.553989632E9 206392.0 16974 607656.0 104.495897706
JOB-339 1781760.0 1781824.0 1 1 7340032.0 7340032.0 64.0 62 64.0 278.203571672
JOB-340 1792000.0 1792576.0 1 34 4.2991616E7 2097152.0 576.0 476 6280.0 1.0
JOB-341 1802240.0 1822224.0 1 30 3.145728E7 1048576.0 19984.0 256 308112.0 1.0
JOB-342 1802240.0 1849208.0 1 35 3.9845888E7 3145728.0 46968.0 564 55720.0 459.13764205
JOB-343 1802240.0 1802576.0 1 38 4.4040192E7 2097152.0 336.0 360 6632.0 23.1692814169
JOB-344 1812480.0 1980640.0 3 120 1.247281152E10 7.776239616E9 168160.0 69302 5469096.0 1.0
JOB-345 1822720.0 1822728.0 1 1 1048576.0 1048576.0 8.0 10 8.0 1.0
JOB-346 1822720.0 1862536.0 19 5 9.961472E7 1.9922944E7 39816.0 195 72992.0 378.474296708
JOB-347 1832960.0 1837712.0 13 1 1.3631488E7 1.3631488E7 4752.0 200 4752.0 1.0
JOB-348 1832960.0 1833312.0 2 1 4.6137344E7 4.6137344E7 352.0 649 352.0 127.692660482
JOB-349 1832960.0 1839008.0 3 1 2.01326592E8 2.01326592E8 6048.0 2884 6048.0 1.0
JOB-350 1873920.0 1873928.0 1 1 1048576.0 1048576.0 8.0 14 8.0 112.693500471
JOB-351 1873920.0 1982880.0 3 121 6.656360448E9 1.79306496E8 108960.0 18935 4754784.0 373.972640056
JOB-352 1873920.0 1979768.0 64 13 8.72415232E8 6.7108864E7 105848.0 922 372272.0 303.401224582
JOB-353 1884160.0 1887472.0 1 1 1048576.0 1048576.0 3312.0 10 3312.0 1.0
JOB-354 1884160.0 1884168.0 1 1 1048576.0 1048576.0 8.0 13 8.0 295.989266387
JOB-355 1894400.0 1896240.0 14 1 1.4680064E7 1.4680064E7 1840.0 186 1840.0 1.0
JOB-356 1904640.0 1904648.0 1 1 1048576.0 1048576.0 8.0 12 8.0 1.0
JOB-357 1904640.0 1906304.0 1 29 2.18103808E8 1.8874368E7 1664.0 2998 24584.0 482.615441088
JOB-358 1925120.0 1961672.0 110 1 1.1534336E8 1.1534336E8 36552.0 1251 36552.0 402.133564773
JOB-359 1925120.0 1925128.0 1 1 1048576.0 1048576.0 8.0 15 8.0 1.0
JOB-360 1935360.0 1954456.0 1 26 2.360344576E9 2.284847104E9 19096.0 27951 166728.0 1.0
JOB-361 1935360.0 1989120.0 141 93 2.0107493376E10 4.43547648E8 53760.0 3696 1508704.0 1.0
JOB-362 1945600.0 1947504.0 5 2 1.048576E7 5242880.0 1904.0 61 3800.0 327.232074653
JOB-363 1966080.0 1966112.0 4 1 4194304.0 4194304.0 32.0 37 32.0 1.0
JOB-364 1976320.0 1976672.0 2 1 4.6137344E7 4.6137344E7 352.0 412 352.0 1.0
JOB-365 2007040.0 2007304.0 1 28 3.4603008E7 2097152.0 264.0 326 3856.0 1.0
JOB-366 2017280.0 2018128.0 2 1 2097152.0 2097152.0 848.0 20 848.0 1.0
JOB-367 2027520.0 2027896.0 1 33 4.9283072E7 5242880.0 376.0 634 6368.0 1.0
JOB-368 2027520.0 2027928.0 1 40 5.3477376E7 3145728.0 408.0 736 8728.0 1.0
JOB-369 2037760.0 2038336.0 1 52 7.5497472E7 4194304.0 576.0 881 15616.0 164.241897348
JOB-370 2037760.0 2038088.0 1 33 4.2991616E7 3145728.0 328.0 551 5376.0 1.0
JOB-371 2037760.0 2038576.0 2 1 1.06954752E8 1.06954752E8 816.0 845 816.0 97.2461399233
JOB-372 2058240.0 2058272.0 4 1 4194304.0 4194304.0 32.0 39 32.0 1.0
JOB-373 2058240.0 2058656.0 1 38 5.4525952E7 3145728.0 416.0 556 8088.0 1.0
JOB-374 2058240.0 2085936.0 66 35 5.5226400768E10 2.629828608E9 27696.0 21339 651592.0 425.028576223
JOB-375 2088960.0 2088968.0 1 1 1048576.0 1048576.0 8.0 8 8.0 1.0
JOB-376 2088960.0 2106552.0 122 70 8.95483904E9 1.27926272E8 17592.0 1167 366784.0 190.079637338
JOB-377 2109440.0 2109448.0 1 1 1048576.0 1048576.0 8.0 10 8.0 403.050855428
JOB-378 2140160.0 2225216.0 43 118 2.66835329024E11 7.259291648E9 85056.0 93266 4588888.0 161.468025523
JOB-379 2150400.0 2220088.0 147 136 2.0963131392E10 1.54140672E8 69688.0 1195 1926416.0 1.0
JOB-380 2150400.0 2152480.0 1 36 6.3963136E7 5242880.0 2080.0 488 43816.0 370.952925649
JOB-381 2150400.0 2220304.0 111 46 5.354029056E9 1.16391936E8 69904.0 1570 867824.0 427.527098074
JOB-382 2170880.0 2181336.0 16 2 1.6777216E8 8.388608E7 10456.0 1177 13800.0 1.0
JOB-383 2170880.0 2210600.0 27 11 1.4127464448E10 1.330642944E9 39720.0 16286 205632.0 45.4919239793
JOB-384 2170880.0 2171192.0 1 31 4.0894464E7 3145728.0 312.0 480 5176.0 1.0
JOB-385 2170880.0 2171008.0 15 1 1.572864E7 1.572864E7 128.0 228 128.0 121.119159131
JOB-386 2181120.0 2181424.0 1 11 3.9845888E7 6291456.0 304.0 471 1848.0 178.883794136
JOB-387 2211840.0 2312176.0 1 24 7.06740224E8 6.77380096E8 100336.0 10329 103152.0 203.096910579
JOB-388 2211840.0 2507776.0 117 114 8.01981333504E11 1.8647875584E10 295936.0 201110 7300800.0 1.0
JOB-389 2211840.0 2212000.0 1 16 2.097152E7 2097152.0 160.0 299 1408.0 198.823885362
JOB-390 2211840.0 2212000.0 5 2 1.048576E7 5242880.0 160.0 65 312.0 1.0
JOB-391 2222080.0 2222464.0 2 1 5.0331648E7 5.0331648E7 384.0 518 384.0 32.6298893048
JOB-392 2222080.0 2240008.0 2 1 4.6137344E7 4.6137344E7 17928.0 503 17928.0 1.0
JOB-393 2222080.0 2258768.0 1 36 4.6137344E7 3145728.0 36688.0 520 347624.0 1.0
JOB-394 2222080.0 2250176.0 1 32 4.5088768E7 4194304.0 28096.0 442 137248.0 1.0
JOB-395 2242560.0 2242568.0 1 1 1048576.0 1048576.0 8.0 8 8.0 243.114107848
JOB-396 2252800.0 2279504.0 3 122 5.445255168E9 1.60432128E8 26704.0 26717 1486808.0 171.385447079
JOB-397 2252800.0 2252808.0 1 1 1048576.0 1048576.0 8.0 10 8.0 1.0
JOB-398 2263040.0 2268624.0 1 18 8.2837504E7 8388608.0 5584.0 1077 40512.0 1.0
JOB-399 2283520.0 2283624.0 1 1 1048576.0 1048576.0 104.0 9 104.0 1.0
JOB-400 2283520.0 2322648.0 130 102 2.412773376E10 6.815744E8 39128.0 9048 1110088.0 1.0
JOB-401 2293760.0 2303272.0 1 45 1.246756864E9 6.5011712E7 9512.0 11590 227224.0 1.0
JOB-402 2314240.0 3028064.0 32 117 2.03205640192E11 9.462349824E9 713824.0 78076 2.6706064E7 484.995386825
JOB-403 2314240.0 3026512.0 137 73 2.51396096E10 5.74619648E8 712272.0 5778 1.3928544E7 767.331754273
JOB-404 2324480.0 2324712.0 1 21 3.0408704E7 3145728.0 232.0 354 2488.0 1.0
JOB-405 2344960.0 3027440.0 145 122 1.27807782912E12 2.493513728E10 682480.0 214657 3.9183888E7 138.443712122
JOB-406 2344960.0 4380296.0 145 117 8.91415953408E12 2.4342167552E11 2035336.0 2667353 9.0123832E7 1.0
JOB-407 2355200.0 2645072.0 3 1 1.98180864E8 1.98180864E8 289872.0 2332 289872.0 1.0
JOB-408 2355200.0 2964464.0 32 14 4.69762048E8 3.3554432E7 609264.0 370 3205688.0 158.023024294
JOB-409 2355200.0 3019800.0 44 64 2.952790016E9 4.6137344E7 664600.0 623 1.8518184E7 1.0
JOB-410 2365440.0 2366360.0 11 1 1.1534336E7 1.1534336E7 920.0 88 920.0 337.320113732
JOB-411 2365440.0 2909632.0 1 54 2.13909504E8 1.048576E7 544192.0 1982 3021864.0 1.0
JOB-412 2375680.0 3026608.0 146 76 1.91058935808E11 5.511315456E9 650928.0 51112 2.1591528E7 1.0
JOB-413 2385920.0 2387528.0 1 21 2.5165824E7 2097152.0 1608.0 235 16336.0 1.0
JOB-414 2416640.0 2824600.0 4 122 7.520387072E9 1.92937984E8 407960.0 21916 1.2341864E7 1.0
JOB-415 2426880.0 2482256.0 6 1 6291456.0 6291456.0 55376.0 87 55376.0 101.513978963
JOB-416 2426880.0 2820392.0 4 123 1.3333692416E10 3.85875968E8 393512.0 41887 1.310804E7 1.0
JOB-417 2426880.0 2431584.0 3 5 1.572864E7 3145728.0 4704.0 66 6696.0 197.301045356
JOB-418 2457600.0 3011320.0 143 54 2.4891097088E10 2.24919552E9 553720.0 19262 9907984.0 1.0
JOB-419 2457600.0 2458384.0 2 1 9.8566144E7 9.8566144E7 784.0 1183 784.0 1.0
JOB-420 2457600.0 3026976.0 55 119 3.7757648896E11 2.952790016E10 569376.0 253878 2.5640576E7 397.568154876
JOB-421 2457600.0 2606272.0 1 38 3.08281344E8 6.1865984E7 148672.0 4347 674224.0 1.0
JOB-422 2457600.0 2765632.0 5 2 1.048576E7 5242880.0 308032.0 44 458688.0 330.667135253
JOB-423 2488320.0 2587864.0 2 3 3.08281344E8 1.02760448E8 99544.0 1710 223792.0 94.9277007568
JOB-424 2498560.0 2888472.0 15 15 6.08698368E9 7.3924608E8 389912.0 9332 2397544.0 1.0
JOB-425 2498560.0 2498880.0 2 1 4.194304E7 4.194304E7 320.0 508 320.0 1.0
JOB-426 2508800.0 2605136.0 15 15 2.02899456E9 2.5165824E8 96336.0 2931 167824.0 441.533753098
JOB-427 2508800.0 2508808.0 1 1 1048576.0 1048576.0 8.0 16 8.0 1.0
JOB-428 2519040.0 2920176.0 13 14 4.416602112E9 5.58891008E8 401136.0 4751 1551376.0 1.0
JOB-429 2519040.0 2519848.0 1 1 1048576.0 1048576.0 808.0 9 808.0 1.0
JOB-430 2519040.0 2528816.0 1 1 1048576.0 1048576.0 9776.0 8 9776.0 298.341621021
JOB-431 2539520.0 3026472.0 138 82 1.1865686016E10 1.44703488E8 486952.0 1520 1.2176736E7 1.0
JOB-432 2539520.0 2647496.0 1 1 1048576.0 1048576.0 107976.0 12 107976.0 363.714473105
JOB-433 2549760.0 2549768.0 1 1 1048576.0 1048576.0 8.0 9 8.0 1.0
JOB-434 2560000.0 2560008.0 1 1 1048576.0 1048576.0 8.0 13 8.0 65.2357999194
JOB-435 2570240.0 2570640.0 2 1 5.24288E7 5.24288E7 400.0 685 400.0 142.246893165
JOB-436 2621440.0 2750616.0 2 122 3.477078016E9 1.048576E8 129176.0 16943 3087976.0 6.92585238799
JOB-437 2631680.0 3027704.0 9 122 2.7443331072E10 8.30472192E8 396024.0 35148 1.2668624E7 195.163349835
JOB-438 2672640.0 2683304.0 1 33 4.194304E7 3145728.0 10664.0 572 31720.0 210.897578855
JOB-439 2672640.0 3027176.0 128 119 4.37012922368E11 1.3019119616E10 354536.0 188966 1.1550648E7 114.965450103
JOB-440 2693120.0 2700480.0 7 2 2.9360128E7 1.4680064E7 7360.0 118 7808.0 375.092096535
JOB-441 2693120.0 2987416.0 54 55 3.170893824E9 1.13246208E8 294296.0 1684 2863824.0 1.0
JOB-442 2693120.0 3001864.0 43 68 3.201302528E9 1.80355072E8 308744.0 2196 4869576.0 1.0
JOB-443 2693120.0 2987288.0 64 65 4.429185024E9 1.34217728E8 294168.0 1177 3836408.0 1.0
JOB-444 2703360.0 2703400.0 1 1 2097152.0 2097152.0 40.0 17 40.0 306.904944577
JOB-445 2703360.0 3002328.0 57 73 4.4826624E9 1.79306496E8 298968.0 2123 3858992.0 32.0207086518
JOB-446 2703360.0 3026480.0 63 67 4.492099584E9 1.32120576E8 323120.0 1791 4479888.0 1.0
JOB-447 2703360.0 2979360.0 71 74 5.658116096E9 2.23346688E8 276000.0 1718 2725440.0 1.0
JOB-448 2703360.0 2705272.0 1 35 2.097152E8 1.572864E7 1912.0 1827 33168.0 1.0
JOB-449 2703360.0 2985648.0 47 72 3.646947328E9 1.47849216E8 282288.0 2173 3864544.0 815.817183192
JOB-450 2713600.0 2899776.0 12 1 1.2582912E7 1.2582912E7 186176.0 108 186176.0 1.0
JOB-451 2713600.0 2714480.0 1 43 1.1534336E8 6291456.0 880.0 866 20512.0 1.0
JOB-452 2744320.0 3002336.0 3 1 3145728.0 3145728.0 258016.0 43 258016.0 1.0
JOB-453 2744320.0 2744720.0 2 1 5.24288E7 5.24288E7 400.0 725 400.0 242.261481641
JOB-454 2764800.0 3002344.0 2 1 2097152.0 2097152.0 237544.0 26 237544.0 1.0
JOB-455 2764800.0 2764968.0 3 1 3145728.0 3145728.0 168.0 38 168.0 1.0
JOB-456 2764800.0 2764816.0 2 1 2097152.0 2097152.0 16.0 28 16.0 282.127500279
JOB-457 2764800.0 3026488.0 122 141 3.7610323968E10 1.9700645888E10 261688.0 237999 6449096.0 371.42326373
JOB-458 2775040.0 3001880.0 126 44 5.813305344E9 1.32120576E8 226840.0 1518 2274432.0 8.98526117795
JOB-459 2785280.0 2785296.0 2 1 2097152.0 2097152.0 16.0 29 16.0 80.3171452392
JOB-460 2785280.0 2965408.0 5 2 1.048576E7 5242880.0 180128.0 65 191928.0 1.0
JOB-461 2785280.0 2805000.0 3 1 1.8874368E8 1.8874368E8 19720.0 2159 19720.0 1.0
JOB-462 2785280.0 3026784.0 108 85 3.28866988032E11 9.965666304E9 241504.0 139404 5384208.0 1.0
JOB-463 2816000.0 3012440.0 134 25 3.5127296E9 1.40509184E8 196440.0 1642 1510352.0 1.0
JOB-464 2836480.0 2843576.0 2 1 2.32783872E8 2.32783872E8 7096.0 2405 7096.0 422.695701267
JOB-465 2918400.0 2983680.0 29 16 2.5877807104E10 1.642070016E9 65280.0 16308 447288.0 469.89215126
JOB-466 2938880.0 2941968.0 2 1 5.24288E7 5.24288E7 3088.0 413 3088.0 1.0
JOB-467 2938880.0 2939216.0 2 1 4.4040192E7 4.4040192E7 336.0 444 336.0 7.34476582538
JOB-468 2949120.0 2959552.0 4 1 4194304.0 4194304.0 10432.0 50 10432.0 348.647372666
JOB-469 2949120.0 2949136.0 1 1 2097152.0 2097152.0 16.0 21 16.0 1.0
JOB-470 2959360.0 2963952.0 1 1 1048576.0 1048576.0 4592.0 13 4592.0 1.0
JOB-471 3020800.0 3020848.0 5 2 1.048576E7 5242880.0 48.0 55 88.0 1.0
JOB-472 3020800.0 3022840.0 2 1 1.048576E7 1.048576E7 2040.0 116 2040.0 1.0
JOB-473 3041280.0 3041752.0 1 1 6.1865984E7 6.1865984E7 472.0 785 472.0 391.257253341
JOB-474 3041280.0 3055720.0 2 1 2.89406976E8 2.89406976E8 14440.0 4210 14440.0 1.0
JOB-475 3041280.0 3047976.0 3 1 8.77658112E8 8.77658112E8 6696.0 8077 6696.0 1.0
JOB-476 3041280.0 3042000.0 2 1 9.437184E7 9.437184E7 720.0 1321 720.0 1.0
JOB-477 3041280.0 3044632.0 2 1 2097152.0 2097152.0 3352.0 24 3352.0 12.3817633114
JOB-478 3041280.0 3042232.0 2 1 2097152.0 2097152.0 952.0 23 952.0 248.778258084
JOB-479 3041280.0 3042680.0 3 1 1.7301504E8 1.7301504E8 1400.0 2134 1400.0 267.6762884
JOB-480 3041280.0 3055368.0 4 1 1.23731968E9 1.23731968E9 14088.0 10132 14088.0 240.490775478
JOB-481 3041280.0 3043168.0 2 1 2.47463936E8 2.47463936E8 1888.0 2714 1888.0 183.262158551
JOB-482 3041280.0 3085640.0 5 2 4.9283072E8 2.4641536E8 44360.0 2790 52096.0 17.4689533297
JOB-483 3072000.0 3149832.0 146 135 2.066743296E10 1.53092096E8 77832.0 1688 1520624.0 1.0
JOB-484 3082240.0 3149768.0 146 132 2.0208156672E10 1.53092096E8 67528.0 1963 960056.0 252.373189619
JOB-485 3082240.0 3083752.0 4 29 1.21634816E8 4194304.0 1512.0 428 36688.0 607.371999354
JOB-486 3092480.0 3092512.0 2 1 4194304.0 4194304.0 32.0 41 32.0 1.0
JOB-487 3102720.0 3253768.0 146 141 1.001834676224E12 1.760559104E10 151048.0 242654 9093544.0 1.0
JOB-488 3112960.0 3132160.0 2 1 2097152.0 2097152.0 19200.0 21 19200.0 451.485223359
JOB-489 3112960.0 3212128.0 51 30 2.3316135936E10 1.1711545344E10 99168.0 110542 664336.0 1.0
JOB-490 3133440.0 3133496.0 1 1 7340032.0 7340032.0 56.0 71 56.0 1.0
JOB-491 3164160.0 3164864.0 2 1 9.2274688E7 9.2274688E7 704.0 891 704.0 55.7376374459
JOB-492 3174400.0 3174416.0 2 1 2097152.0 2097152.0 16.0 26 16.0 1.0
JOB-493 3184640.0 3186152.0 3 1 1.98180864E8 1.98180864E8 1512.0 1719 1512.0 403.173240185
JOB-494 3205120.0 3287056.0 134 80 7.1800193024E10 1.967128576E9 81936.0 23505 2186416.0 1.0
JOB-495 3215360.0 3215384.0 1 1 3145728.0 3145728.0 24.0 27 24.0 349.28900863
JOB-496 3225600.0 3230344.0 13 29 8.72415232E8 5.4525952E7 4744.0 645 53408.0 1.0
JOB-497 3235840.0 3235920.0 2 3 1.2582912E7 8388608.0 80.0 105 112.0 110.904252365
JOB-498 3246080.0 3288808.0 13 137 7.90626304E9 1.3631488E8 42728.0 4745 2636928.0 505.015332829
JOB-499 3256320.0 3260328.0 2 1 8.5983232E7 8.5983232E7 4008.0 1063 4008.0 1.0
JOB-500 3266560.0 3266944.0 2 1 5.0331648E7 5.0331648E7 384.0 640 384.0 78.2690803047
JOB-501 3287040.0 3287088.0 5 2 1.048576E7 5242880.0 48.0 54 88.0 1.0
JOB-502 3297280.0 3297288.0 1 1 1048576.0 1048576.0 8.0 11 8.0 1.0
JOB-503 3358720.0 3405616.0 30 11 1.396703232E10 1.38412032E9 46896.0 12673 311808.0 1.0
JOB-504 3358720.0 3359688.0 2 1 2097152.0 2097152.0 968.0 23 968.0 1.0
JOB-505 3368960.0 3368976.0 2 1 2097152.0 2097152.0 16.0 22 16.0 1.0
JOB-506 3379200.0 3379216.0 2 1 2097152.0 2097152.0 16.0 21 16.0 203.587353821
JOB-507 3379200.0 3382128.0 3 1 2.8311552E7 2.8311552E7 2928.0 322 2928.0 1.0
JOB-508 3379200.0 3379440.0 5 1 3.145728E7 3.145728E7 240.0 408 240.0 102.589949706
JOB-509 3379200.0 3381560.0 1 1 1.1534336E7 1.1534336E7 2360.0 116 2360.0 368.981355156
JOB-510 3379200.0 3420472.0 142 88 3.2459718656E10 1.042284544E9 41272.0 15040 1514400.0 100.537911381
JOB-511 3399680.0 3422648.0 113 27 3.199205376E9 1.18489088E8 22968.0 1117 305344.0 201.584265707
JOB-512 3461120.0 3461128.0 1 1 1048576.0 1048576.0 8.0 15 8.0 1.0
JOB-513 3481600.0 3482992.0 5 1 5242880.0 5242880.0 1392.0 62 1392.0 1.0
JOB-514 3481600.0 3502800.0 61 18 1.27926272E9 1.27926272E8 21200.0 1492 108448.0 122.629905731
JOB-515 3481600.0 3482624.0 4 1 1.34217728E8 1.34217728E8 1024.0 1058 1024.0 1.0
JOB-516 3481600.0 3481640.0 5 1 5242880.0 5242880.0 40.0 62 40.0 434.457308308
JOB-517 3481600.0 3481720.0 1 1 1048576.0 1048576.0 120.0 9 120.0 1.0
JOB-518 3522560.0 3522864.0 2 1 3.9845888E7 3.9845888E7 304.0 336 304.0 547.504327421
JOB-519 3532800.0 3555072.0 63 19 2.576351232E9 1.98180864E8 22272.0 2244 211848.0 297.92458736
JOB-520 3532800.0 3541688.0 5 1 5242880.0 5242880.0 8888.0 74 8888.0 273.195776237
JOB-521 3553280.0 3561992.0 5 2 1.048576E7 5242880.0 8712.0 54 17416.0 1.0
JOB-522 3563520.0 3564792.0 3 1 1.66723584E8 1.66723584E8 1272.0 1564 1272.0 346.066641118
JOB-523 3584000.0 3584008.0 1 1 1048576.0 1048576.0 8.0 11 8.0 1.0
JOB-524 3604480.0 3604504.0 1 1 3145728.0 3145728.0 24.0 29 24.0 1.0
JOB-525 3624960.0 3625216.0 4 1 3.3554432E7 3.3554432E7 256.0 486 256.0 1.0
JOB-526 3624960.0 3625040.0 2 1 1.048576E7 1.048576E7 80.0 104 80.0 405.946408902
5.2216912E7
6.397370804420517E9