JOB-0 0.0 1192.0 3 4 5.3477376E7 2.2020096E7 1192.0 284 4768.0 2.0
JOB-1 0.0 192.0 1 5 1.4680064E7 5242880.0 192.0 186 960.0 3.0
JOB-2 0.0 2392.0 5 4 1.31072E8 4.718592E7 2392.0 381 9568.0 1.0
JOB-3 0.0 552.0 4 4 4.194304E7 1.6777216E7 552.0 227 2208.0 2.0
JOB-4 0.0 592.0 3 4 7.5497472E7 2.8311552E7 592.0 220 2368.0 3.0
JOB-5 0.0 1760.0 5 5 1.3631488E8 4.718592E7 1760.0 436 8480.0 1.0
JOB-6 0.0 1712.0 5 5 1.6252928E8 5.24288E7 1712.0 667 8560.0 2.0
JOB-7 0.0 144.0 3 1 1.572864E7 1.572864E7 144.0 194 144.0 3.0
JOB-8 0.0 1880.0 3 4 5.0331648E7 2.2020096E7 1880.0 305 7520.0 1.0
JOB-9 0.0 888.0 5 3 7.86432E7 4.194304E7 888.0 314 2664.0 2.0
JOB-10 0.0 16.0 1 1 2097152.0 2097152.0 16.0 23 16.0 3.0
JOB-11 0.0 1504.0 3 5 1.00663296E8 2.5165824E7 1504.0 462 7520.0 1.0
JOB-12 0.0 408.0 3 1 1.8874368E7 1.8874368E7 408.0 272 408.0 2.0
JOB-13 0.0 320.0 2 3 2.5165824E7 1.048576E7 320.0 166 960.0 3.0
JOB-14 0.0 1032.0 2 4 5.24288E7 2.097152E7 1032.0 197 4128.0 1.0
JOB-15 0.0 1104.0 5 5 8.912896E7 3.145728E7 1104.0 439 5520.0 2.0
JOB-16 0.0 536.0 2 5 5.0331648E7 1.8874368E7 536.0 333 2680.0 3.0
JOB-17 0.0 832.0 4 1 4.194304E7 4.194304E7 832.0 516 832.0 1.0
JOB-18 0.0 344.0 2 3 2.5165824E7 1.8874368E7 344.0 267 1032.0 2.0
JOB-19 0.0 1320.0 2 3 4.4040192E7 2.097152E7 1320.0 217 3960.0 3.0
JOB-20 0.0 312.0 2 1 1.2582912E7 1.2582912E7 312.0 134 312.0 1.0
JOB-21 0.0 1664.0 4 3 8.8080384E7 3.3554432E7 1664.0 429 4992.0 2.0
JOB-22 0.0 1456.0 4 5 1.21634816E8 4.194304E7 1456.0 583 7280.0 3.0
JOB-23 0.0 1368.0 3 4 7.2351744E7 2.5165824E7 1368.0 353 5472.0 1.0
JOB-24 0.0 192.0 4 1 1.6777216E7 1.6777216E7 192.0 240 192.0 2.0
JOB-25 0.0 1376.0 3 4 5.6623104E7 2.8311552E7 1376.0 273 5504.0 3.0
JOB-26 0.0 584.0 1 4 1.7825792E7 8388608.0 584.0 160 2336.0 1.0
JOB-27 0.0 864.0 4 4 6.7108864E7 3.3554432E7 864.0 305 3192.0 2.0
JOB-28 0.0 264.0 2 3 2.5165824E7 1.048576E7 264.0 139 792.0 3.0
JOB-29 0.0 1136.0 1 3 2.2020096E7 8388608.0 1136.0 206 3408.0 1.0
JOB-30 0.0 1336.0 3 5 9.437184E7 3.145728E7 1336.0 306 6680.0 2.0
JOB-31 0.0 664.0 3 4 6.6060288E7 3.145728E7 664.0 419 2656.0 3.0
JOB-32 0.0 1232.0 1 4 2.7262976E7 9437184.0 1232.0 260 4928.0 1.0
JOB-33 0.0 2272.0 5 2 5.24288E7 4.718592E7 2272.0 659 4544.0 2.0
JOB-34 0.0 376.0 5 1 3.145728E7 3.145728E7 376.0 407 376.0 3.0
JOB-35 0.0 296.0 1 5 2.62144E7 1.048576E7 296.0 384 1480.0 1.0
JOB-36 0.0 240.0 3 3 5.0331648E7 2.2020096E7 240.0 252 720.0 2.0
JOB-37 0.0 512.0 1 3 2.2020096E7 1.048576E7 512.0 311 1536.0 3.0
JOB-38 0.0 80.0 1 1 1.048576E7 1.048576E7 80.0 117 80.0 1.0
JOB-39 0.0 1200.0 3 3 5.9768832E7 3.145728E7 1200.0 348 3600.0 2.0
JOB-40 0.0 72.0 2 1 8388608.0 8388608.0 72.0 67 72.0 3.0
JOB-41 0.0 824.0 2 3 4.6137344E7 2.097152E7 824.0 233 2472.0 1.0
JOB-42 0.0 768.0 5 1 4.194304E7 4.194304E7 768.0 454 768.0 2.0
JOB-43 0.0 1304.0 5 4 1.048576E8 5.24288E7 1304.0 503 5216.0 3.0
JOB-44 0.0 368.0 1 4 2.3068672E7 1.048576E7 368.0 274 1472.0 1.0
JOB-45 0.0 1752.0 5 4 8.388608E7 2.62144E7 1752.0 360 7008.0 2.0
JOB-46 0.0 672.0 3 2 4.718592E7 2.5165824E7 672.0 254 1344.0 3.0
JOB-47 0.0 72.0 1 3 9437184.0 5242880.0 72.0 91 216.0 1.0
JOB-48 0.0 48.0 3 3 1.572864E7 6291456.0 48.0 74 144.0 2.0
JOB-49 0.0 392.0 3 1 3.145728E7 3.145728E7 392.0 305 392.0 3.0
JOB-50 0.0 40.0 5 1 5242880.0 5242880.0 40.0 69 40.0 1.0
JOB-51 0.0 928.0 4 3 8.388608E7 3.7748736E7 928.0 444 2784.0 2.0
JOB-52 0.0 816.0 4 2 6.7108864E7 3.7748736E7 816.0 315 1632.0 3.0
JOB-53 0.0 152.0 2 3 2.5165824E7 1.4680064E7 152.0 173 456.0 1.0
JOB-54 0.0 144.0 1 3 1.6777216E7 7340032.0 144.0 218 432.0 2.0
JOB-55 0.0 944.0 2 3 3.145728E7 1.6777216E7 944.0 209 2832.0 3.0
JOB-56 0.0 8.0 1 1 1048576.0 1048576.0 8.0 9 8.0 1.0
JOB-57 0.0 200.0 3 2 2.8311552E7 2.5165824E7 200.0 235 400.0 2.0
JOB-58 0.0 448.0 3 2 3.145728E7 2.5165824E7 448.0 284 896.0 3.0
JOB-59 0.0 2472.0 5 5 1.6777216E8 5.24288E7 2472.0 528 12360.0 1.0
JOB-60 0.0 576.0 3 4 4.718592E7 2.8311552E7 576.0 414 2304.0 2.0
JOB-61 0.0 344.0 4 1 2.5165824E7 2.5165824E7 344.0 369 344.0 3.0
JOB-62 0.0 2704.0 4 3 8.388608E7 3.7748736E7 2704.0 303 8112.0 1.0
JOB-63 0.0 728.0 4 3 5.8720256E7 3.3554432E7 728.0 359 2184.0 2.0
JOB-64 0.0 2128.0 2 5 5.6623104E7 2.097152E7 2128.0 405 10640.0 3.0
JOB-65 0.0 456.0 1 4 2.4117248E7 8388608.0 456.0 324 1824.0 1.0
JOB-66 0.0 312.0 1 4 1.7825792E7 9437184.0 312.0 187 1248.0 2.0
JOB-67 0.0 248.0 1 4 2.4117248E7 1.048576E7 248.0 305 992.0 3.0
JOB-68 0.0 1808.0 3 5 6.6060288E7 2.5165824E7 1808.0 198 7896.0 1.0
JOB-69 0.0 80.0 2 1 1.048576E7 1.048576E7 80.0 131 80.0 2.0
JOB-70 0.0 856.0 1 4 2.8311552E7 8388608.0 856.0 246 3424.0 3.0
JOB-71 0.0 384.0 3 2 3.4603008E7 2.8311552E7 384.0 356 768.0 1.0
JOB-72 0.0 784.0 2 2 3.3554432E7 1.8874368E7 784.0 186 1560.0 2.0
JOB-73 0.0 856.0 4 4 6.7108864E7 4.194304E7 856.0 562 3424.0 3.0
JOB-74 0.0 512.0 1 4 2.4117248E7 1.048576E7 512.0 245 2048.0 1.0
JOB-75 0.0 1056.0 4 3 7.1303168E7 3.3554432E7 1056.0 451 3168.0 2.0
JOB-76 0.0 1944.0 4 3 1.00663296E8 4.194304E7 1944.0 554 5832.0 3.0
JOB-77 0.0 1616.0 5 2 6.815744E7 4.194304E7 1616.0 542 3232.0 1.0
JOB-78 0.0 1544.0 2 3 4.6137344E7 2.097152E7 1544.0 271 4632.0 2.0
JOB-79 0.0 1552.0 4 5 1.17440512E8 3.3554432E7 1552.0 381 7760.0 3.0
JOB-80 0.0 1952.0 4 3 7.1303168E7 4.194304E7 1952.0 567 5856.0 1.0
JOB-81 0.0 944.0 2 3 4.4040192E7 2.097152E7 944.0 181 2824.0 2.0
JOB-82 0.0 81312.0 5 2 5.28482304E9 3.75914496E9 81312.0 47997 162624.0 3.0
JOB-83 0.0 162608.0 4 4 6.719275008E9 4.190109696E9 162608.0 61109 650432.0 1.0
JOB-84 0.0 176728.0 3 3 4.350541824E9 1.900019712E9 176728.0 14949 530184.0 2.0
JOB-85 0.0 47208.0 4 3 7.642021888E9 3.758096384E9 47208.0 43042 141624.0 3.0
JOB-86 0.0 154616.0 5 3 7.4448896E9 3.49700096E9 154616.0 51135 463848.0 1.0
JOB-87 0.0 3912.0 2 1 3.18767104E8 3.18767104E8 3912.0 2974 3912.0 2.0
JOB-88 0.0 25024.0 1 4 1.626341376E9 9.73078528E8 25024.0 19722 100096.0 3.0
JOB-89 0.0 58672.0 3 1 1.585446912E9 1.585446912E9 58672.0 21819 58672.0 1.0
JOB-90 0.0 10168.0 3 2 9.62592768E8 9.09115392E8 10168.0 9085 20336.0 2.0
JOB-91 0.0 984.0 1 1 5.3477376E7 5.3477376E7 984.0 630 984.0 3.0
JOB-92 0.0 485544.0 5 5 1.499987968E10 4.70286336E9 485544.0 60755 2109656.0 1.0
JOB-93 0.0 114368.0 2 5 6.9206016E9 1.895825408E9 114368.0 39450 571840.0 2.0
JOB-94 0.0 71488.0 4 2 4.500488192E9 3.653238784E9 71488.0 28361 142976.0 3.0
JOB-95 0.0 75920.0 2 3 2.155872256E9 1.375731712E9 75920.0 14910 227760.0 1.0
JOB-96 0.0 192760.0 4 5 1.031798784E10 3.888119808E9 192760.0 55787 963800.0 2.0
JOB-97 0.0 71840.0 3 2 2.89406976E9 2.76824064E9 71840.0 22219 143680.0 3.0
JOB-98 0.0 489656.0 3 5 6.797918208E9 2.051014656E9 489656.0 17083 1509232.0 1.0
JOB-99 0.0 101944.0 4 4 8.799649792E9 2.722103296E9 101944.0 24749 407776.0 2.0
JOB-100 0.0 55048.0 2 5 4.798283776E9 1.986002944E9 55048.0 29721 275240.0 3.0
JOB-101 0.0 165136.0 4 5 9.70981376E9 3.699376128E9 165136.0 39750 825416.0 1.0
JOB-102 0.0 17408.0 4 1 1.098907648E9 1.098907648E9 17408.0 9856 17408.0 2.0
JOB-103 0.0 21544.0 1 4 1.529872384E9 6.98351616E8 21544.0 16182 86176.0 3.0
JOB-104 0.0 4632.0 3 1 2.48512512E8 2.48512512E8 4632.0 3479 4632.0 1.0
JOB-105 0.0 189520.0 5 3 8.08976384E9 4.52984832E9 189520.0 41753 568560.0 2.0
JOB-106 0.0 218992.0 4 5 1.4755561472E10 4.169138176E9 218992.0 47968 1049336.0 3.0
JOB-107 0.0 61032.0 1 5 2.400190464E9 6.83671552E8 61032.0 28076 305160.0 1.0
JOB-108 0.0 2424.0 1 1 1.48897792E8 1.48897792E8 2424.0 1772 2424.0 2.0
JOB-109 0.0 56936.0 2 3 3.71195904E9 1.631584256E9 56936.0 25944 170808.0 3.0
JOB-110 0.0 147144.0 5 3 1.2713984E10 4.40926208E9 147144.0 63941 441432.0 1.0
JOB-111 0.0 75432.0 5 2 2.65814016E9 1.3369344E9 75432.0 16025 150864.0 2.0
JOB-112 0.0 70184.0 5 2 7.46061824E9 4.54557696E9 70184.0 37771 140368.0 3.0
JOB-113 0.0 41488.0 3 2 3.139436544E9 2.340421632E9 41488.0 33779 82976.0 1.0
JOB-114 0.0 28992.0 1 3 1.956642816E9 1.018167296E9 28992.0 23756 86976.0 2.0
JOB-115 0.0 29992.0 5 1 3.50748672E9 3.50748672E9 29992.0 49537 29992.0 3.0
JOB-116 0.0 22656.0 1 3 1.674575872E9 6.95205888E8 22656.0 24026 67968.0 1.0
JOB-117 0.0 42336.0 3 1 2.497708032E9 2.497708032E9 42336.0 27392 42336.0 2.0
JOB-118 0.0 93784.0 4 4 9.193914368E9 3.808428032E9 93784.0 45361 375136.0 3.0
JOB-119 0.0 86760.0 5 1 4.8234496E9 4.8234496E9 86760.0 42821 86760.0 1.0
JOB-120 0.0 60024.0 4 3 6.052380672E9 3.560964096E9 60024.0 35356 180072.0 2.0
JOB-121 0.0 121144.0 2 5 5.070913536E9 1.66723584E9 121144.0 35116 605720.0 3.0
JOB-122 0.0 149040.0 5 4 1.132986368E10 4.68713472E9 149040.0 48277 596160.0 1.0
JOB-123 0.0 345760.0 5 4 1.183842304E10 4.93879296E9 345760.0 54626 1263736.0 2.0
JOB-124 0.0 23224.0 1 2 8.46200832E8 6.80525824E8 23224.0 10483 46448.0 3.0
JOB-125 0.0 22464.0 1 3 1.341128704E9 7.83286272E8 22464.0 10603 67392.0 1.0
JOB-126 0.0 138120.0 3 5 4.023386112E9 1.528823808E9 138120.0 11783 690600.0 2.0
JOB-127 0.0 28144.0 5 2 4.5613056E9 2.83639808E9 28144.0 39570 56288.0 3.0
JOB-128 0.0 178728.0 5 5 1.164443648E10 4.9283072E9 178728.0 40055 864584.0 1.0
JOB-129 0.0 104688.0 3 3 5.432672256E9 2.890924032E9 104688.0 39456 314064.0 2.0
JOB-130 0.0 38040.0 3 1 2.9097984E9 2.9097984E9 38040.0 42459 38040.0 3.0
JOB-131 0.0 119144.0 5 5 1.612709888E10 5.0593792E9 119144.0 74433 595720.0 1.0
JOB-132 0.0 51112.0 4 4 6.933184512E9 2.625634304E9 51112.0 26489 204448.0 2.0
JOB-133 0.0 23704.0 4 1 1.107296256E9 1.107296256E9 23704.0 12299 23704.0 3.0
JOB-134 0.0 29568.0 4 3 8.145338368E9 3.41835776E9 29568.0 34071 88704.0 1.0
JOB-135 0.0 71744.0 2 5 3.881828352E9 1.65675008E9 71744.0 21710 358720.0 2.0
JOB-136 0.0 13752.0 4 1 1.048576E9 1.048576E9 13752.0 8188 13752.0 3.0
JOB-137 0.0 2448.0 2 1 6.291456E7 6.291456E7 2448.0 649 2448.0 1.0
JOB-138 0.0 37216.0 4 2 4.114612224E9 2.982150144E9 37216.0 40398 74432.0 2.0
JOB-139 0.0 132536.0 4 1 3.279945728E9 3.279945728E9 132536.0 41031 132536.0 3.0
JOB-140 0.0 75784.0 19 14 1.474297856E9 1.79306496E8 75784.0 2375 963168.0 1.0
JOB-141 0.0 147416.0 29 26 4.10517504E9 3.0408704E8 147416.0 2359 3453608.0 2.0
JOB-142 0.0 49136.0 25 24 2.2020096E9 2.62144E8 49136.0 3172 1179264.0 3.0
JOB-143 0.0 71648.0 12 25 1.434451968E9 1.13246208E8 71648.0 1072 1300296.0 1.0
JOB-144 0.0 74800.0 25 13 2.228224E9 2.62144E8 74800.0 2275 972400.0 2.0
JOB-145 0.0 73112.0 26 24 3.107979264E9 2.7262976E8 73112.0 2689 1754688.0 3.0
JOB-146 0.0 76144.0 13 18 1.335885824E9 1.3631488E8 76144.0 1494 1218504.0 1.0
JOB-147 0.0 4456.0 14 8 6.75282944E8 1.32120576E8 4456.0 1250 35648.0 2.0
JOB-148 0.0 5416.0 16 11 1.073741824E9 1.6777216E8 5416.0 1992 59576.0 3.0
JOB-149 0.0 149248.0 17 29 2.370830336E9 1.7825792E8 149248.0 2142 3641200.0 1.0
JOB-150 0.0 30608.0 15 14 1.13246208E9 1.572864E8 30608.0 1731 428512.0 2.0
JOB-151 0.0 31184.0 25 14 1.4942208E9 2.62144E8 31184.0 1992 436576.0 3.0
JOB-152 0.0 147456.0 18 30 2.963275776E9 1.8874368E8 147456.0 2312 2825744.0 1.0
JOB-153 0.0 104592.0 19 29 3.446669312E9 1.9922944E8 104592.0 1686 2991432.0 2.0
JOB-154 0.0 3704.0 6 24 7.99014912E8 6.291456E7 3704.0 1765 88896.0 3.0
JOB-155 0.0 149848.0 15 30 2.84688384E9 1.572864E8 149848.0 2027 3857136.0 1.0
JOB-156 0.0 6904.0 10 22 1.1010048E9 1.048576E8 6904.0 1089 151888.0 2.0
JOB-157 0.0 103432.0 29 26 3.64904448E9 2.73678336E8 103432.0 2264 2659280.0 3.0
JOB-158 0.0 2487440.0 30 16 2.5077743616E11 3.079667712E10 2487440.0 390882 3.5108888E7 1.0
JOB-159 0.0 1614864.0 30 7 1.0890510336E11 2.68959744E10 1614864.0 259381 1.070636E7 2.0
JOB-160 0.0 715024.0 21 10 1.28509280256E11 2.1425553408E10 715024.0 259822 7150240.0 3.0
JOB-161 0.0 2644968.0 29 21 3.11324311552E11 3.0165434368E10 2644968.0 285315 4.1130816E7 1.0
JOB-162 0.0 1876600.0 15 19 1.3658750976E11 1.513095168E10 1876600.0 130498 3.0794832E7 2.0
JOB-163 0.0 382304.0 14 10 7.8494302208E10 1.343225856E10 382304.0 136298 3823040.0 3.0
JOB-164 0.0 844760.0 5 22 5.723652096E10 5.1380224E9 844760.0 114732 1.76868E7 1.0
JOB-165 0.0 493344.0 15 23 1.7512267776E11 1.528823808E10 493344.0 193033 1.1187712E7 2.0
JOB-166 0.0 270048.0 11 10 5.692194816E10 1.0980687872E10 270048.0 112245 2700480.0 3.0
JOB-167 0.0 2404008.0 21 17 1.94239266816E11 2.1998075904E10 2404008.0 212348 3.2486664E7 1.0
JOB-168 0.0 2074464.0 13 29 1.94889383936E11 1.2990808064E10 2074464.0 214024 5.5209296E7 2.0
JOB-169 0.0 1755296.0 25 30 4.288151552E11 2.52182528E10 1755296.0 299564 4.717344E7 3.0
JOB-170 0.0 2224120.0 7 29 1.33206900736E11 7.281311744E9 2224120.0 176766 5.5617256E7 1.0
JOB-171 0.0 973032.0 20 6 8.145338368E10 1.721761792E10 973032.0 152785 5838192.0 2.0
JOB-172 0.0 472512.0 29 5 4.0504393728E10 1.2862881792E10 472512.0 163198 2362560.0 3.0
JOB-173 0.0 2409616.0 15 20 1.6953901056E11 1.47062784E10 2409616.0 201409 3.9622544E7 1.0
JOB-174 0.0 1773456.0 9 25 1.11019032576E11 9.352249344E9 1773456.0 122209 3.8088144E7 2.0
JOB-175 0.0 1399976.0 10 21 1.0420748288E11 1.033895936E10 1399976.0 140899 2.576684E7 3.0
JOB-176 0.0 2600176.0 29 23 2.9222764544E11 2.8523364352E10 2600176.0 262592 4.1569224E7 1.0
JOB-177 0.0 613336.0 9 13 7.9923511296E10 9.097445376E9 613336.0 107739 7973368.0 2.0
JOB-178 0.0 1165344.0 9 22 9.1691679744E10 9.229565952E9 1165344.0 143732 2.44546E7 3.0
JOB-179 0.0 265280.0 9 11 3.0180114432E10 7.285506048E9 265280.0 95147 2918080.0 1.0
JOB-180 0.0 164440.0 8 5 1.2591300608E10 3.992977408E9 164440.0 30328 822200.0 2.0
JOB-181 0.0 1031328.0 30 7 1.263009792E11 2.95698432E10 1031328.0 296576 7219296.0 3.0
JOB-182 0.0 2403208.0 30 26 4.308074496E11 3.085959168E10 2403208.0 383249 5.3192088E7 1.0
JOB-183 0.0 2035032.0 21 30 3.644325888E11 2.1755854848E10 2035032.0 279443 5.440276E7 2.0
JOB-184 0.0 575504.0 7 12 5.7208209408E10 7.090470912E9 575504.0 110649 6906048.0 3.0
JOB-185 0.0 2488792.0 16 21 1.72603998208E11 1.4881390592E10 2488792.0 117585 3.960628E7 1.0
JOB-186 0.0 586536.0 12 15 7.8592868352E10 1.2532580352E10 586536.0 142147 8798040.0 2.0
JOB-187 0.0 1366544.0 30 21 3.8871760896E11 3.08281344E10 1366544.0 287423 2.6720296E7 3.0
JOB-188 0.0 1938920.0 30 8 1.0324279296E11 2.884632576E10 1938920.0 380082 1.3553712E7 1.0
JOB-189 0.0 2192048.0 29 28 4.80123027456E11 2.9557260288E10 2192048.0 392331 5.6197968E7 2.0
JOB-190 0.0 916272.0 14 20 1.508376576E11 1.4415822848E10 916272.0 196323 1.7594424E7 3.0
JOB-191 0.0 1583040.0 30 14 2.6483884032E11 3.133145088E10 1583040.0 405220 2.13612E7 1.0
JOB-192 0.0 1906224.0 29 15 2.03495047168E11 3.0287069184E10 1906224.0 295777 2.6587208E7 2.0
JOB-193 0.0 496616.0 29 5 5.9479425024E10 1.9218300928E10 496616.0 205854 2483080.0 3.0
JOB-194 0.0 2220112.0 20 30 2.7992784896E11 2.067791872E10 2220112.0 189025 5.4557792E7 1.0
JOB-195 0.0 1487672.0 14 27 1.98371704832E11 1.4048821248E10 1487672.0 182341 3.9307624E7 2.0
JOB-196 0.0 774616.0 11 24 1.35020937216E11 1.1234443264E10 774616.0 149241 1.8590784E7 3.0
JOB-197 0.0 1587664.0 26 11 1.40186222592E11 2.467299328E10 1587664.0 360756 1.4808176E7 1.0
JOB-198 0.0 1107120.0 16 18 1.5023996928E11 1.627389952E10 1107120.0 161185 1.8642504E7 2.0
JOB-199 0.0 323056.0 12 10 6.3002640384E10 9.588178944E9 323056.0 132295 3230560.0 3.0