JOB-0 0.0 800.0 3 4 5.3477376E7 2.2020096E7 800.0 284 3200.0 2.0
JOB-1 0.0 232.0 1 5 1.4680064E7 5242880.0 232.0 186 1160.0 3.0
JOB-2 0.0 3088.0 5 4 1.31072E8 4.718592E7 3088.0 381 11696.0 1.0
JOB-3 0.0 360.0 4 4 4.194304E7 1.6777216E7 360.0 227 1440.0 2.0
JOB-4 0.0 544.0 3 4 7.5497472E7 2.8311552E7 544.0 220 2176.0 3.0
JOB-5 0.0 2632.0 5 5 1.3631488E8 4.718592E7 2632.0 436 11600.0 1.0
JOB-6 0.0 1904.0 5 5 1.6252928E8 5.24288E7 1904.0 667 9520.0 2.0
JOB-7 0.0 256.0 3 1 1.572864E7 1.572864E7 256.0 194 256.0 3.0
JOB-8 0.0 1568.0 3 4 5.0331648E7 2.2020096E7 1568.0 305 6272.0 1.0
JOB-9 0.0 1304.0 5 3 7.86432E7 4.194304E7 1304.0 314 3912.0 2.0
JOB-10 0.0 16.0 1 1 2097152.0 2097152.0 16.0 23 16.0 3.0
JOB-11 0.0 1736.0 3 5 1.00663296E8 2.5165824E7 1736.0 462 8680.0 1.0
JOB-12 0.0 568.0 3 1 1.8874368E7 1.8874368E7 568.0 272 568.0 2.0
JOB-13 0.0 136.0 2 3 2.5165824E7 1.048576E7 136.0 166 408.0 3.0
JOB-14 0.0 1296.0 2 4 5.24288E7 2.097152E7 1296.0 197 4960.0 1.0
JOB-15 0.0 976.0 5 5 8.912896E7 3.145728E7 976.0 439 4880.0 2.0
JOB-16 0.0 320.0 2 5 5.0331648E7 1.8874368E7 320.0 333 1600.0 3.0
JOB-17 0.0 1792.0 4 1 4.194304E7 4.194304E7 1792.0 516 1792.0 1.0
JOB-18 0.0 544.0 2 3 2.5165824E7 1.8874368E7 544.0 267 1632.0 2.0
JOB-19 0.0 208.0 2 3 4.4040192E7 2.097152E7 208.0 217 624.0 3.0
JOB-20 0.0 488.0 2 1 1.2582912E7 1.2582912E7 488.0 134 488.0 1.0
JOB-21 0.0 1600.0 4 3 8.8080384E7 3.3554432E7 1600.0 429 4800.0 2.0
JOB-22 0.0 1400.0 4 5 1.21634816E8 4.194304E7 1400.0 583 7000.0 3.0
JOB-23 0.0 1320.0 3 4 7.2351744E7 2.5165824E7 1320.0 353 5280.0 1.0
JOB-24 0.0 272.0 4 1 1.6777216E7 1.6777216E7 272.0 240 272.0 2.0
JOB-25 0.0 648.0 3 4 5.6623104E7 2.8311552E7 648.0 273 2592.0 3.0
JOB-26 0.0 552.0 1 4 1.7825792E7 8388608.0 552.0 160 2200.0 1.0
JOB-27 0.0 1080.0 4 4 6.7108864E7 3.3554432E7 1080.0 305 4320.0 2.0
JOB-28 0.0 144.0 2 3 2.5165824E7 1.048576E7 144.0 139 432.0 3.0
JOB-29 0.0 1176.0 1 3 2.2020096E7 8388608.0 1176.0 206 3528.0 1.0
JOB-30 0.0 1224.0 3 5 9.437184E7 3.145728E7 1224.0 306 6120.0 2.0
JOB-31 0.0 600.0 3 4 6.6060288E7 3.145728E7 600.0 419 2400.0 3.0
JOB-32 0.0 1424.0 1 4 2.7262976E7 9437184.0 1424.0 260 5240.0 1.0
JOB-33 0.0 1888.0 5 2 5.24288E7 4.718592E7 1888.0 659 3776.0 2.0
JOB-34 0.0 824.0 5 1 3.145728E7 3.145728E7 824.0 407 824.0 3.0
JOB-35 0.0 960.0 1 5 2.62144E7 1.048576E7 960.0 384 4336.0 1.0
JOB-36 0.0 432.0 3 3 5.0331648E7 2.2020096E7 432.0 252 1296.0 2.0
JOB-37 0.0 440.0 1 3 2.2020096E7 1.048576E7 440.0 311 1320.0 3.0
JOB-38 0.0 224.0 1 1 1.048576E7 1.048576E7 224.0 117 224.0 1.0
JOB-39 0.0 1136.0 3 3 5.9768832E7 3.145728E7 1136.0 348 3408.0 2.0
JOB-40 0.0 72.0 2 1 8388608.0 8388608.0 72.0 67 72.0 3.0
JOB-41 0.0 1472.0 2 3 4.6137344E7 2.097152E7 1472.0 233 4416.0 1.0
JOB-42 0.0 1224.0 5 1 4.194304E7 4.194304E7 1224.0 454 1224.0 2.0
JOB-43 0.0 1448.0 5 4 1.048576E8 5.24288E7 1448.0 503 5792.0 3.0
JOB-44 0.0 640.0 1 4 2.3068672E7 1.048576E7 640.0 274 2560.0 1.0
JOB-45 0.0 1128.0 5 4 8.388608E7 2.62144E7 1128.0 360 4512.0 2.0
JOB-46 0.0 520.0 3 2 4.718592E7 2.5165824E7 520.0 254 1040.0 3.0
JOB-47 0.0 88.0 1 3 9437184.0 5242880.0 88.0 91 264.0 1.0
JOB-48 0.0 48.0 3 3 1.572864E7 6291456.0 48.0 74 144.0 2.0
JOB-49 0.0 664.0 3 1 3.145728E7 3.145728E7 664.0 305 664.0 3.0
JOB-50 0.0 168.0 5 1 5242880.0 5242880.0 168.0 69 168.0 1.0
JOB-51 0.0 1568.0 4 3 8.388608E7 3.7748736E7 1568.0 444 4704.0 2.0
JOB-52 0.0 1096.0 4 2 6.7108864E7 3.7748736E7 1096.0 315 2192.0 3.0
JOB-53 0.0 336.0 2 3 2.5165824E7 1.4680064E7 336.0 173 1008.0 1.0
JOB-54 0.0 376.0 1 3 1.6777216E7 7340032.0 376.0 218 1128.0 2.0
JOB-55 0.0 352.0 2 3 3.145728E7 1.6777216E7 352.0 209 1056.0 3.0
JOB-56 0.0 8.0 1 1 1048576.0 1048576.0 8.0 9 8.0 1.0
JOB-57 0.0 536.0 3 2 2.8311552E7 2.5165824E7 536.0 235 1072.0 2.0
JOB-58 0.0 424.0 3 2 3.145728E7 2.5165824E7 424.0 284 848.0 3.0
JOB-59 0.0 2192.0 5 5 1.6777216E8 5.24288E7 2192.0 528 10960.0 1.0
JOB-60 0.0 680.0 3 4 4.718592E7 2.8311552E7 680.0 414 2720.0 2.0
JOB-61 0.0 528.0 4 1 2.5165824E7 2.5165824E7 528.0 369 528.0 3.0
JOB-62 0.0 2024.0 4 3 8.388608E7 3.7748736E7 2024.0 303 6072.0 1.0
JOB-63 0.0 952.0 4 3 5.8720256E7 3.3554432E7 952.0 359 2856.0 2.0
JOB-64 0.0 656.0 2 5 5.6623104E7 2.097152E7 656.0 405 3280.0 3.0
JOB-65 0.0 1104.0 1 4 2.4117248E7 8388608.0 1104.0 324 4416.0 1.0
JOB-66 0.0 328.0 1 4 1.7825792E7 9437184.0 328.0 187 1312.0 2.0
JOB-67 0.0 184.0 1 4 2.4117248E7 1.048576E7 184.0 305 736.0 3.0
JOB-68 0.0 1776.0 3 5 6.6060288E7 2.5165824E7 1776.0 198 8240.0 1.0
JOB-69 0.0 80.0 2 1 1.048576E7 1.048576E7 80.0 131 80.0 2.0
JOB-70 0.0 856.0 1 4 2.8311552E7 8388608.0 856.0 246 3424.0 3.0
JOB-71 0.0 648.0 3 2 3.4603008E7 2.8311552E7 648.0 356 1296.0 1.0
JOB-72 0.0 720.0 2 2 3.3554432E7 1.8874368E7 720.0 186 1440.0 2.0
JOB-73 0.0 1112.0 4 4 6.7108864E7 4.194304E7 1112.0 562 4448.0 3.0
JOB-74 0.0 952.0 1 4 2.4117248E7 1.048576E7 952.0 245 3344.0 1.0
JOB-75 0.0 1168.0 4 3 7.1303168E7 3.3554432E7 1168.0 451 3504.0 2.0
JOB-76 0.0 1528.0 4 3 1.00663296E8 4.194304E7 1528.0 554 4584.0 3.0
JOB-77 0.0 1688.0 5 2 6.815744E7 4.194304E7 1688.0 542 3376.0 1.0
JOB-78 0.0 1016.0 2 3 4.6137344E7 2.097152E7 1016.0 271 3048.0 2.0
JOB-79 0.0 1032.0 4 5 1.17440512E8 3.3554432E7 1032.0 381 5160.0 3.0
JOB-80 0.0 1552.0 4 3 7.1303168E7 4.194304E7 1552.0 567 4656.0 1.0
JOB-81 0.0 848.0 2 3 4.4040192E7 2.097152E7 848.0 181 2544.0 2.0
JOB-82 0.0 82312.0 5 2 5.28482304E9 3.75914496E9 82312.0 47997 164624.0 3.0
JOB-83 0.0 185480.0 4 4 6.719275008E9 4.190109696E9 185480.0 61109 733584.0 1.0
JOB-84 0.0 59560.0 3 3 4.350541824E9 1.900019712E9 59560.0 14949 178416.0 2.0
JOB-85 0.0 79376.0 4 3 7.642021888E9 3.758096384E9 79376.0 43042 238128.0 3.0
JOB-86 0.0 210696.0 5 3 7.4448896E9 3.49700096E9 210696.0 51135 548096.0 1.0
JOB-87 0.0 5120.0 2 1 3.18767104E8 3.18767104E8 5120.0 2974 5120.0 2.0
JOB-88 0.0 33144.0 1 4 1.626341376E9 9.73078528E8 33144.0 19722 132576.0 3.0
JOB-89 0.0 88200.0 3 1 1.585446912E9 1.585446912E9 88200.0 21819 88200.0 1.0
JOB-90 0.0 17648.0 3 2 9.62592768E8 9.09115392E8 17648.0 9085 35296.0 2.0
JOB-91 0.0 1040.0 1 1 5.3477376E7 5.3477376E7 1040.0 630 1040.0 3.0
JOB-92 0.0 480656.0 5 5 1.499987968E10 4.70286336E9 480656.0 60755 1906080.0 1.0
JOB-93 0.0 126224.0 2 5 6.9206016E9 1.895825408E9 126224.0 39450 631120.0 2.0
JOB-94 0.0 84632.0 4 2 4.500488192E9 3.653238784E9 84632.0 28361 169264.0 3.0
JOB-95 0.0 23776.0 2 3 2.155872256E9 1.375731712E9 23776.0 14910 71328.0 1.0
JOB-96 0.0 159112.0 4 5 1.031798784E10 3.888119808E9 159112.0 55787 795560.0 2.0
JOB-97 0.0 61040.0 3 2 2.89406976E9 2.76824064E9 61040.0 22219 122080.0 3.0
JOB-98 0.0 117800.0 3 5 6.797918208E9 2.051014656E9 117800.0 17083 588680.0 1.0
JOB-99 0.0 120800.0 4 4 8.799649792E9 2.722103296E9 120800.0 24749 483144.0 2.0
JOB-100 0.0 50584.0 2 5 4.798283776E9 1.986002944E9 50584.0 29721 252920.0 3.0
JOB-101 0.0 139224.0 4 5 9.70981376E9 3.699376128E9 139224.0 39750 696120.0 1.0
JOB-102 0.0 24680.0 4 1 1.098907648E9 1.098907648E9 24680.0 9856 24680.0 2.0
JOB-103 0.0 31920.0 1 4 1.529872384E9 6.98351616E8 31920.0 16182 127680.0 3.0
JOB-104 0.0 5392.0 3 1 2.48512512E8 2.48512512E8 5392.0 3479 5392.0 1.0
JOB-105 0.0 160176.0 5 3 8.08976384E9 4.52984832E9 160176.0 41753 480528.0 2.0
JOB-106 0.0 115768.0 4 5 1.4755561472E10 4.169138176E9 115768.0 47968 578840.0 3.0
JOB-107 0.0 95568.0 1 5 2.400190464E9 6.83671552E8 95568.0 28076 477840.0 1.0
JOB-108 0.0 2672.0 1 1 1.48897792E8 1.48897792E8 2672.0 1772 2672.0 2.0
JOB-109 0.0 35416.0 2 3 3.71195904E9 1.631584256E9 35416.0 25944 106248.0 3.0
JOB-110 0.0 290496.0 5 3 1.2713984E10 4.40926208E9 290496.0 63941 857656.0 1.0
JOB-111 0.0 44600.0 5 2 2.65814016E9 1.3369344E9 44600.0 16025 89200.0 2.0
JOB-112 0.0 86944.0 5 2 7.46061824E9 4.54557696E9 86944.0 37771 173888.0 3.0
JOB-113 0.0 72992.0 3 2 3.139436544E9 2.340421632E9 72992.0 33779 145984.0 1.0
JOB-114 0.0 37624.0 1 3 1.956642816E9 1.018167296E9 37624.0 23756 112872.0 2.0
JOB-115 0.0 60512.0 5 1 3.50748672E9 3.50748672E9 60512.0 49537 60512.0 3.0
JOB-116 0.0 75152.0 1 3 1.674575872E9 6.95205888E8 75152.0 24026 212224.0 1.0
JOB-117 0.0 67432.0 3 1 2.497708032E9 2.497708032E9 67432.0 27392 67432.0 2.0
JOB-118 0.0 101848.0 4 4 9.193914368E9 3.808428032E9 101848.0 45361 407392.0 3.0
JOB-119 0.0 189576.0 5 1 4.8234496E9 4.8234496E9 189576.0 42821 189576.0 1.0
JOB-120 0.0 115480.0 4 3 6.052380672E9 3.560964096E9 115480.0 35356 346440.0 2.0
JOB-121 0.0 56536.0 2 5 5.070913536E9 1.66723584E9 56536.0 35116 282680.0 3.0
JOB-122 0.0 217992.0 5 4 1.132986368E10 4.68713472E9 217992.0 48277 871592.0 1.0
JOB-123 0.0 173608.0 5 4 1.183842304E10 4.93879296E9 173608.0 54626 694432.0 2.0
JOB-124 0.0 23112.0 1 2 8.46200832E8 6.80525824E8 23112.0 10483 46224.0 3.0
JOB-125 0.0 48968.0 1 3 1.341128704E9 7.83286272E8 48968.0 10603 127488.0 1.0
JOB-126 0.0 42096.0 3 5 4.023386112E9 1.528823808E9 42096.0 11783 210480.0 2.0
JOB-127 0.0 47560.0 5 2 4.5613056E9 2.83639808E9 47560.0 39570 95120.0 3.0
JOB-128 0.0 171184.0 5 5 1.164443648E10 4.9283072E9 171184.0 40055 776768.0 1.0
JOB-129 0.0 131824.0 3 3 5.432672256E9 2.890924032E9 131824.0 39456 366656.0 2.0
JOB-130 0.0 49128.0 3 1 2.9097984E9 2.9097984E9 49128.0 42459 49128.0 3.0
JOB-131 0.0 369264.0 5 5 1.612709888E10 5.0593792E9 369264.0 74433 1609880.0 1.0
JOB-132 0.0 102264.0 4 4 6.933184512E9 2.625634304E9 102264.0 26489 383896.0 2.0
JOB-133 0.0 17952.0 4 1 1.107296256E9 1.107296256E9 17952.0 12299 17952.0 3.0
JOB-134 0.0 140032.0 4 3 8.145338368E9 3.41835776E9 140032.0 34071 420096.0 1.0
JOB-135 0.0 61408.0 2 5 3.881828352E9 1.65675008E9 61408.0 21710 307040.0 2.0
JOB-136 0.0 23072.0 4 1 1.048576E9 1.048576E9 23072.0 8188 23072.0 3.0
JOB-137 0.0 2616.0 2 1 6.291456E7 6.291456E7 2616.0 649 2616.0 1.0
JOB-138 0.0 52224.0 4 2 4.114612224E9 2.982150144E9 52224.0 40398 104448.0 2.0
JOB-139 0.0 79216.0 4 1 3.279945728E9 3.279945728E9 79216.0 41031 79216.0 3.0
JOB-140 0.0 20304.0 19 14 1.474297856E9 1.79306496E8 20304.0 2375 284256.0 1.0
JOB-141 0.0 18104.0 29 26 4.10517504E9 3.0408704E8 18104.0 2359 470704.0 2.0
JOB-142 0.0 8056.0 25 24 2.2020096E9 2.62144E8 8056.0 3172 193344.0 3.0
JOB-143 0.0 11976.0 12 25 1.434451968E9 1.13246208E8 11976.0 1072 297504.0 1.0
JOB-144 0.0 15056.0 25 13 2.228224E9 2.62144E8 15056.0 2275 195728.0 2.0
JOB-145 0.0 9976.0 26 24 3.107979264E9 2.7262976E8 9976.0 2689 239424.0 3.0
JOB-146 0.0 15792.0 13 18 1.335885824E9 1.3631488E8 15792.0 1494 284256.0 1.0
JOB-147 0.0 5112.0 14 8 6.75282944E8 1.32120576E8 5112.0 1250 40896.0 2.0
JOB-148 0.0 5144.0 16 11 1.073741824E9 1.6777216E8 5144.0 1992 56584.0 3.0
JOB-149 0.0 19360.0 17 29 2.370830336E9 1.7825792E8 19360.0 2142 561440.0 1.0
JOB-150 0.0 6104.0 15 14 1.13246208E9 1.572864E8 6104.0 1731 85456.0 2.0
JOB-151 0.0 7168.0 25 14 1.4942208E9 2.62144E8 7168.0 1992 100352.0 3.0
JOB-152 0.0 21504.0 18 30 2.963275776E9 1.8874368E8 21504.0 2312 645120.0 1.0
JOB-153 0.0 13512.0 19 29 3.446669312E9 1.9922944E8 13512.0 1686 391848.0 2.0
JOB-154 0.0 3032.0 6 24 7.99014912E8 6.291456E7 3032.0 1765 72768.0 3.0
JOB-155 0.0 22888.0 15 30 2.84688384E9 1.572864E8 22888.0 2027 686640.0 1.0
JOB-156 0.0 3872.0 10 22 1.1010048E9 1.048576E8 3872.0 1089 85184.0 2.0
JOB-157 0.0 12048.0 29 26 3.64904448E9 2.73678336E8 12048.0 2264 313248.0 3.0
JOB-158 0.0 2436248.0 30 16 2.5077743616E11 3.079667712E10 2436248.0 390882 3.347396E7 1.0
JOB-159 0.0 1994832.0 30 7 1.0890510336E11 2.68959744E10 1994832.0 259381 1.3210472E7 2.0
JOB-160 0.0 1108640.0 21 10 1.28509280256E11 2.1425553408E10 1108640.0 259822 1.10864E7 3.0
JOB-161 0.0 2496976.0 29 21 3.11324311552E11 3.0165434368E10 2496976.0 285315 4.156232E7 1.0
JOB-162 0.0 1285456.0 15 19 1.3658750976E11 1.513095168E10 1285456.0 130498 2.3452832E7 2.0
JOB-163 0.0 566064.0 14 10 7.8494302208E10 1.343225856E10 566064.0 136298 5660640.0 3.0
JOB-164 0.0 1560544.0 5 22 5.723652096E10 5.1380224E9 1560544.0 114732 2.6820936E7 1.0
JOB-165 0.0 1374008.0 15 23 1.7512267776E11 1.528823808E10 1374008.0 193033 2.9344328E7 2.0
JOB-166 0.0 462272.0 11 10 5.692194816E10 1.0980687872E10 462272.0 112245 4622720.0 3.0
JOB-167 0.0 2365424.0 21 17 1.94239266816E11 2.1998075904E10 2365424.0 212348 3.3839816E7 1.0
JOB-168 0.0 1179936.0 13 29 1.94889383936E11 1.2990808064E10 1179936.0 214024 3.4218144E7 2.0
JOB-169 0.0 1544896.0 25 30 4.288151552E11 2.52182528E10 1544896.0 299564 4.2274464E7 3.0
JOB-170 0.0 2329304.0 7 29 1.33206900736E11 7.281311744E9 2329304.0 176766 5.5402264E7 1.0
JOB-171 0.0 1108448.0 20 6 8.145338368E10 1.721761792E10 1108448.0 152785 6650688.0 2.0
JOB-172 0.0 640296.0 29 5 4.0504393728E10 1.2862881792E10 640296.0 163198 3201480.0 3.0
JOB-173 0.0 2022120.0 15 20 1.6953901056E11 1.47062784E10 2022120.0 201409 3.6045704E7 1.0
JOB-174 0.0 818800.0 9 25 1.11019032576E11 9.352249344E9 818800.0 122209 2.010616E7 2.0
JOB-175 0.0 387064.0 10 21 1.0420748288E11 1.033895936E10 387064.0 140899 8128344.0 3.0
JOB-176 0.0 2371688.0 29 23 2.9222764544E11 2.8523364352E10 2371688.0 262592 4.3092408E7 1.0
JOB-177 0.0 613528.0 9 13 7.9923511296E10 9.097445376E9 613528.0 107739 7874952.0 2.0
JOB-178 0.0 313336.0 9 22 9.1691679744E10 9.229565952E9 313336.0 143732 6893392.0 3.0
JOB-179 0.0 577384.0 9 11 3.0180114432E10 7.285506048E9 577384.0 95147 5402696.0 1.0
JOB-180 0.0 168064.0 8 5 1.2591300608E10 3.992977408E9 168064.0 30328 840320.0 2.0
JOB-181 0.0 1648528.0 30 7 1.263009792E11 2.95698432E10 1648528.0 296576 1.1106944E7 3.0
JOB-182 0.0 2641280.0 30 26 4.308074496E11 3.085959168E10 2641280.0 383249 5.25688E7 1.0
JOB-183 0.0 1951552.0 21 30 3.644325888E11 2.1755854848E10 1951552.0 279443 5.343276E7 2.0
JOB-184 0.0 212640.0 7 12 5.7208209408E10 7.090470912E9 212640.0 110649 2551680.0 3.0
JOB-185 0.0 2179832.0 16 21 1.72603998208E11 1.4881390592E10 2179832.0 117585 4.0228752E7 1.0
JOB-186 0.0 895248.0 12 15 7.8592868352E10 1.2532580352E10 895248.0 142147 1.2909296E7 2.0
JOB-187 0.0 1825264.0 30 21 3.8871760896E11 3.08281344E10 1825264.0 287423 3.5483032E7 3.0
JOB-188 0.0 1975408.0 30 8 1.0324279296E11 2.884632576E10 1975408.0 380082 1.4024584E7 1.0
JOB-189 0.0 2158224.0 29 28 4.80123027456E11 2.9557260288E10 2158224.0 392331 5.7069544E7 2.0
JOB-190 0.0 742384.0 14 20 1.508376576E11 1.4415822848E10 742384.0 196323 1.430052E7 3.0
JOB-191 0.0 1996112.0 30 14 2.6483884032E11 3.133145088E10 1996112.0 405220 2.6025912E7 1.0
JOB-192 0.0 2300584.0 29 15 2.03495047168E11 3.0287069184E10 2300584.0 295777 3.0679488E7 2.0
JOB-193 0.0 677432.0 29 5 5.9479425024E10 1.9218300928E10 677432.0 205854 3387160.0 3.0
JOB-194 0.0 2203648.0 20 30 2.7992784896E11 2.067791872E10 2203648.0 189025 5.7524128E7 1.0
JOB-195 0.0 989624.0 14 27 1.98371704832E11 1.4048821248E10 989624.0 182341 2.6719848E7 2.0
JOB-196 0.0 548656.0 11 24 1.35020937216E11 1.1234443264E10 548656.0 149241 1.3167744E7 3.0
JOB-197 0.0 1663368.0 26 11 1.40186222592E11 2.467299328E10 1663368.0 360756 1.6284768E7 1.0
JOB-198 0.0 1457216.0 16 18 1.5023996928E11 1.627389952E10 1457216.0 161185 2.4496344E7 2.0
JOB-199 0.0 275616.0 12 10 6.3002640384E10 9.588178944E9 275616.0 132295 2756160.0 3.0